6000 2000 2000
5354
5672
6259
7287
3178
149
1324
6718
5907
3719
5227
6191
4220
772
5474
5536
7828
8277
1445
3092
6143
955
562
5961
8045
5885
3159
7684
5390
7019
9643
6533
5809
6603
9851
3206
4594
7159
7275
8582
9823
3093
5727
6397
5643
2967
445
5729
3795
435
1634
6762
6204
3937
5839
1468
8256
6263
1874
8272
6962
145
2581
3375
1211
6559
27
4204
2424
2665
4939
5854
6281
3411
1039
9734
2215
3331
2412
5631
1721
9991
808
3240
1913
649
1747
5554
1525
8123
5201
1597
9654
7072
1386
5745
4244
5096
869
754
9634
7531
2575
6631
2828
9635
8238
9114
2381
1421
5099
6452
3253
4927
6803
9276
5987
3110
4546
9886
9436
5209
5118
9175
493
4501
9969
7451
6424
9498
2260
4602
8801
8664
7267
7941
8125
3886
4974
8653
6585
888
8262
4233
8099
1722
6218
3686
9595
6629
7927
1
5261
3590
783
7630
710
953
5113
7890
4300
5169
1786
9828
6028
2603
9620
5462
8798
9941
5905
486
9012
6935
2830
1074
3668
8324
2203
9701
9103
8189
3377
8089
1627
9668
7349
4503
9410
768
512
5539
7226
705
8983
9705
6858
1232
8365
3621
2666
5295
8536
2207
7535
8190
2243
1403
6999
8927
5062
788
9339
1271
6717
1624
8984
643
1773
4696
1797
2940
4037
4972
7423
271
6329
2312
5573
786
4723
6220
5341
2801
6556
8510
7025
7357
1251
8677
2525
7571
4614
7192
7336
7126
3301
8165
9784
1941
8069
5174
320
1807
6403
8611
7141
9826
4683
9986
1705
7675
7455
1277
9682
970
8694
5803
3925
8274
5947
2780
4718
3765
2777
3856
6789
3469
3957
4346
2280
5139
1404
4482
131
9225
5438
7663
1162
873
6331
9145
4793
9825
3727
1492
7537
686
4218
5684
8524
5025
2930
9916
4768
9647
7370
3999
2905
2588
7115
6642
7772
1741
8493
3457
4493
3981
1464
3291
9228
6251
7574
6068
2236
6909
2085
8672
9558
4179
3122
3753
690
2901
1538
7268
8423
7443
3660
5320
97
6458
133
6468
6022
9001
1244
3069
6384
5963
8634
7182
7020
775
3459
8971
1094
2303
6575
3227
3603
1025
1366
1436
4716
4308
7826
3237
9939
9896
6826
8486
268
2960
2840
3980
3610
7156
7653
2569
3144
2374
5443
8054
4333
2300
9060
5884
9655
9089
2864
8239
7207
6551
5038
61
4542
7776
1218
8814
6712
670
5912
8500
6866
6501
1498
6891
3620
8725
7000
277
6960
5217
725
4040
8336
4065
2272
9875
2477
4539
4845
4870
5387
6983
4640
8606
4172
4936
5330
7306
4395
9185
3638
4351
538
3882
6887
6192
6697
8631
848
9242
1511
8832
7135
139
6119
9621
2027
5278
1586
5711
3461
1011
7604
2437
8829
9258
3684
6571
8126
7484
5243
3708
8751
7091
1301
1748
2204
8276
6506
560
9457
2199
9945
1423
3405
6728
773
7123
9550
1009
3208
5409
7949
4923
7944
1048
2654
7050
9628
7495
993
6473
4759
2977
3791
6597
1994
5969
3985
9998
3556
9565
8956
385
7150
3134
2752
8953
6609
9807
2075
4583
627
1293
1611
8489
5705
9144
5349
1823
1151
1628
7829
1472
1912
7545
5873
3097
1714
9136
3762
5541
4714
6362
6088
1720
6265
7566
3111
8777
4265
1469
536
7480
7171
2084
8170
3857
5220
2185
3060
4708
7783
3706
4626
9034
3872
404
7585
6742
8916
6787
8444
9546
4962
2623
5641
1471
154
1710
5469
8937
8023
896
5232
2095
3935
9920
5015
9650
3473
4766
4563
1702
7529
9464
2019
3065
7064
1501
6082
5896
247
4506
4420
7198
1470
7846
183
8723
628
1505
4227
173
474
6638
9367
3471
3113
9290
5950
3201
5725
1429
4348
3941
8847
4173
9511
2107
915
3070
6784
633
8405
4259
7195
5373
7805
6203
6685
7175
9740
1441
5637
5646
2550
4703
4639
3364
4755
6831
1965
2055
5181
6780
2706
997
9414
6385
5270
8105
9177
521
5530
9142
1388
4606
7621
7511
1633
4829
9458
1736
4674
7059
3671
6903
8561
1396
9380
159
3285
4504
3278
9131
2433
2093
3182
8719
6840
1601
9754
6446
4056
4198
1626
6857
3203
2081
8360
98
65
115
4325
7359
9770
8997
1047
8887
7636
7775
7645
6018
9692
163
8724
9156
9279
456
8762
6094
9731
8851
4712
1900
4394
3866
2961
6151
6055
5818
4068
5740
213
497
5625
6842
4556
4641
5108
8015
3019
9900
6040
5463
1077
8305
4090
9646
9068
7536
226
5325
831
6134
8610
5353
7502
6882
6488
7923
6095
3890
1019
8194
5077
2078
4281
5970
1257
782
4574
5131
8056
1205
151
3612
2251
1605
4871
4687
2505
7366
8923
8529
9879
9541
9124
9716
1260
328
9581
2838
4436
274
2667
3484
864
9355
4474
8337
7340
5168
744
6437
6293
8400
9553
3133
6177
1664
3347
1377
2675
1789
354
4724
6273
5807
9443
6104
1754
8011
8001
20
9196
7570
8869
9891
1008
8052
4943
7252
4417
5635
7105
5510
2850
2383
6825
1654
3474
4247
1323
2781
7798
2196
1097
1300
7027
6256
5951
9738
8112
4684
9615
7534
3664
7744
3273
8398
9321
6435
8509
7087
3332
2273
9067
6476
6015
985
3868
4726
3052
9437
7843
6870
3501
9318
9690
5913
9656
5563
9093
7515
3074
5817
7572
5785
5887
5580
838
3388
2292
8435
9047
623
7199
3235
1390
4600
8437
3649
4990
2685
9975
7049
774
9556
3406
3760
6876
4183
7523
601
694
4184
4392
4148
8899
8278
7167
3554
6008
9680
3877
6965
2966
7069
5009
7035
9408
9782
2732
2991
6014
8314
6738
2047
1568
7606
3341
812
96
9226
737
5375
7752
2538
4383
7835
7713
3587
3824
3099
1870
9350
7759
9216
7520
9948
9573
6815
1621
2086
1583
8252
9028
3139
4354
4579
5810
4494
3071
9365
8012
5279
9330
4613
8077
6856
7039
4918
7341
7375
8359
5143
4231
4676
990
553
8840
9015
9130
273
4139
7315
3714
2434
9817
7468
9020
5826
5889
2540
9658
9211
1051
5605
396
606
8179
5720
4667
4788
5561
557
929
6033
8289
5944
5652
2402
2003
9268
2945
6454
6148
4645
4537
4654
3058
3701
6981
7038
1395
8700
6128
4371
3348
3055
356
594
7609
7456
3530
4915
8419
7467
9192
1859
4933
7095
6733
6612
5611
8196
7526
8891
1473
2832
4877
701
9787
2032
1809
8311
1931
2342
6760
5660
7154
6469
3389
4598
3844
8646
244
7611
4011
3841
6966
2758
7124
2998
5415
932
414
6566
8844
1446
5182
6982
7310
2680
4268
5258
233
3132
3409
117
4652
7399
8297
1457
4973
4779
7867
5418
5872
8163
3743
438
5144
7915
1176
1133
4301
6093
7505
9456
2051
8542
5595
2435
2542
3193
7647
6683
2109
5814
2274
3636
2042
3528
7985
7595
2595
9096
9845
9645
2878
6111
6541
9281
5616
5005
9579
1407
8567
6666
9366
6709
3761
787
8625
3681
1847
3757
794
7138
8422
2537
5892
3189
2053
3
4994
8659
6045
9004
9930
4271
5231
8763
198
6783
2440
7548
6944
3997
8495
7903
2790
3068
637
18
245
8570
2025
6000
6535
9385
6813
820
4238
6792
7386
5048
9525
7660
2615
3327
3643
7090
6915
9159
1902
3535
5457
1411
1254
7697
9094
7075
5513
7
6360
8245
4161
7780
7707
1515
2129
1676
100
5307
2508
2948
38
2367
3342
5116
7730
6677
9307
3884
2276
3478
7920
8248
9914
9319
4063
4872
5037
9944
3690
1142
7490
6793
5149
2796
6108
9747
463
5575
4000
8704
0
6563
5508
1186
428
8225
9116
9993
4593
6146
7633
3696
8835
2122
9438
2285
2208
6786
9938
4931
4713
3475
712
8861
9008
4924
7188
5754
2587
3615
2946
5661
6821
5275
5322
8177
3673
4289
4341
7144
267
8349
592
6565
7799
7981
7492
3298
1908
7186
2073
1636
7434
6656
341
9270
6950
6583
3677
6511
7044
8371
8980
1871
2819
6605
9133
5577
1307
2352
3950
76
2470
8459
9967
9901
2659
8079
2641
2651
6410
3434
2492
5582
5495
6122
6958
1960
34
9168
891
1844
9582
9929
2066
4608
1220
4811
7104
9430
8085
8397
5088
6139
6343
8812
1380
7485
4706
1565
3654
2220
4874
2391
8880
3284
3578
9947
3275
9983
7739
4603
1932
2334
8330
8699
8351
6173
4710
3905
5411
9454
9041
304
9830
3707
6734
41
3423
7304
563
1180
3123
4122
7491
5795
440
537
8057
6942
7818
2065
8310
6540
3912
3623
3109
8878
1063
301
5135
5811
74
3425
462
6997
5858
2455
1727
3909
4155
4495
4143
8917
8870
7946
8091
6445
3634
1887
5262
3154
3647
1970
2708
3798
7791
6896
580
2235
2419
9552
4541
5681
7327
4075
7672
4309
24
6539
1216
7483
4053
8849
2949
4740
8492
6509
4721
1465
3679
2727
5565
3256
7169
6756
8943
44
8622
8307
9113
2691
7814
2241
6342
398
9897
3831
513
8408
6619
7969
4618
2120
2735
9804
1239
7051
2319
6624
5544
894
8378
5324
6372
6542
7400
5284
9808
464
257
6116
3207
718
2786
1529
3292
446
4575
1610
8222
8230
430
707
9265
1884
4509
8612
5449
1713
7795
9121
653
8823
8436
6998
3400
1116
8026
8386
6721
1526
237
7996
730
5292
717
1183
1661
3107
9910
9774
1067
3922
7577
3312
2789
4282
9481
7699
1401
598
2565
9881
4499
8446
3728
5492
6884
7003
2074
3116
1486
9606
3793
143
2624
3738
6061
7564
6212
8453
5455
5960
3155
9699
1101
8640
339
4582
1521
8655
7851
4471
7168
3404
1343
4472
9745
4980
15
8746
8592
8440
998
3419
5835
4596
8909
8795
8328
1738
912
2800
6634
2385
1084
9522
8660
5586
292
7625
9633
6205
4760
9083
6807
2882
6617
9877
6009
364
6802
2805
3773
189
7231
4419
9214
4625
8644
8147
2567
7539
4212
975
3971
5171
561
2749
1361
4298
8684
4535
4497
825
6444
1641
8145
1843
7942
7784
1663
340
46
664
7361
7388
2213
4702
5923
450
9537
4940
2579
9733
2549
2893
4738
1213
8501
2238
7337
5891
6102
6664
6439
7924
9149
6206
6110
5755
9703
2005
23
2294
4780
181
7392
1475
3334
6855
5363
2128
5359
8609
6246
1974
9169
7338
4698
3885
6648
6157
2866
8107
1288
4286
3095
4196
2405
2382
1928
1185
3152
5752
530
3853
4024
5992
467
7380
4572
1556
1354
3756
3821
8113
3777
3628
194
8519
6417
4416
212
8203
8955
4266
4762
4673
4478
8449
1690
7170
5659
2302
9273
7995
5776
5146
1571
8765
1985
6100
7389
3129
2888
8340
5860
9019
9965
8805
1332
2619
8178
2766
3056
9519
8251
4186
6654
8854
3887
217
397
5059
5600
5562
6862
9062
8084
1849
7347
9928
4264
8749
8207
6455
7241
617
3576
5801
2710
4010
4445
3318
7567
510
6796
1304
893
1483
3054
8409
3878
9036
8995
1763
1348
7376
1543
9292
5666
8525
3295
7285
6580
766
2104
418
224
348
3506
4555
6691
3242
4263
3081
5425
9162
8548
7671
408
5140
321
9966
4707
2682
7812
678
4777
4463
2070
9372
2705
3772
1422
2903
2014
1165
514
1229
7330
1566
994
4617
4951
1777
1674
2745
6364
316
6596
4697
5640
5479
1570
3006
2737
9324
7142
8560
9326
7891
8636
8645
4473
9209
5673
6304
6328
9361
5598
6851
7478
2621
500
6155
7410
5791
1685
6060
167
7463
2879
6307
2972
4258
9006
5087
2141
7202
1135
7143
5514
9883
5489
2761
8368
9146
7081
4615
3632
4914
8265
2660
384
2670
8129
1029
4254
9023
7887
5815
5793
284
3832
9453
2159
3376
8979
7085
9224
9084
6613
9340
5423
138
8886
9801
1616
9445
7655
8963
1920
5819
6365
6233
7193
6084
7680
1042
8711
2702
8106
1346
1296
2368
3725
1316
6215
2286
1017
6661
9806
3813
6039
4199
3213
8538
6310
331
8093
363
6868
9495
1558
1615
2591
6316
7884
2554
6199
8257
9978
2263
144
7847
8966
9797
8668
1426
8030
968
8568
910
6414
3428
3633
3319
8226
9240
5264
746
9248
2142
3270
3045
2912
6814
470
5551
6521
9348
9099
2543
4869
501
9790
6646
8476
8911
1353
2348
6335
5663
5610
9652
6662
5074
9081
2366
8473
3266
9671
7458
3929
6299
1098
6584
2491
7352
4837
3454
4656
3951
458
8270
814
4690
9199
5547
9855
1527
6142
7559
9075
1546
3358
5715
4047
6893
961
5856
8117
5714
6309
4313
6723
2976
2700
1935
3614
289
4624
9358
3035
9962
7897
6489
868
1824
8949
126
6460
4867
4335
2509
7649
47
967
9463
67
5086
3891
2609
7120
9827
6083
5043
1462
2103
5726
859
9611
6906
6630
5398
5452
7554
8370
7407
69
3658
2728
2911
7473
1424
3591
1725
6928
3455
6371
4797
6482
3617
3806
3326
3966
1827
8736
6844
8688
1593
9610
8391
5606
3736
2717
9902
4802
9607
9533
8514
3204
4720
6936
9
2772
5336
8119
3387
6057
5824
7803
6917
9150
3287
1092
5609
5299
613
1766
7040
5779
1564
2570
8578
2989
9422
7117
6973
3527
7260
1996
9396
6105
2716
2618
1943
1998
231
9974
1081
2638
8583
2317
8718
4970
8758
3698
5888
39
8171
3229
1575
8750
2932
1607
5704
4459
1504
7079
7668
8319
4938
1520
3061
8484
6897
4261
7967
6297
1692
7378
1409
2736
1064
5945
8973
4402
853
5287
6974
6106
5504
225
3801
7901
7673
1328
5618
7234
5584
8838
2179
6271
4745
3816
6278
6732
6081
7801
2347
4483
7507
3351
5991
2397
7449
2304
7789
3517
9053
2461
9996
7221
709
1126
1394
7938
473
7583
4101
8167
2114
7344
8689
1384
5682
5256
798
9392
9757
7217
4005
4832
6959
3548
4243
1856
4469
298
2551
5391
28
8182
1206
9554
2365
3748
9786
2410
9332
8031
7200
3797
1929
3849
8991
4260
8623
1540
3702
4006
1774
7506
6839
4642
1574
2983
6327
1507
4347
393
646
2798
5488
9223
8477
4120
6766
6098
2730
2939
4013
8159
9328
9878
2572
92
2240
8174
7858
4176
3529
3911
5948
2676
7764
72
3145
4105
8602
933
5799
4772
4629
6775
9856
2442
1838
2256
4237
22
4225
8454
9779
1916
4182
1266
2870
5453
7794
4210
448
6315
2999
7319
9334
7265
3466
7010
629
1341
1623
1405
7053
9714
4284
736
2633
8086
5942
5919
2306
6054
4338
6395
4043
4653
8822
692
235
9696
924
4665
6688
9219
6467
6034
2490
3986
3820
4634
7896
42
5949
751
9736
6626
5576
2355
7918
6632
401
3627
6739
1379
614
7279
9874
7102
3998
7568
6121
9927
2390
8842
719
6457
8374
6711
8580
4538
8236
4799
8127
901
6262
5617
6047
4480
5931
8687
3289
1302
4425
3480
908
6969
191
8035
6007
8394
2171
489
3992
5035
4817
3008
738
6781
9952
199
5393
5979
5936
6209
6211
7542
9990
6472
4569
1590
1204
706
9953
3263
1270
7696
1618
6750
2409
5343
5029
9571
945
8296
5879
5850
3600
534
7838
6405
657
197
3944
7892
708
4385
5717
7639
1459
7956
4373
5031
8355
9741
5674
3136
9903
925
7223
2944
1976
5071
5141
9831
8434
4267
2763
6099
8657
1069
3963
9059
7682
1530
8722
3657
7452
7481
9706
8654
5366
1709
3881
9045
3098
6687
7494
1978
136
7316
7106
5485
3978
2532
3053
8614
1672
7475
8415
4646
3839
8773
6746
8987
9557
4277
4908
7936
7493
1312
3516
1502
9155
3383
436
7921
3770
2320
3011
200
4776
6864
4854
828
3691
6941
4133
4365
5268
8067
48
2962
7889
4149
8504
6011
8701
8522
1591
7448
2438
1003
9394
6248
6156
9630
4449
4041
9836
6808
8508
726
2741
855
4113
4958
1990
2686
1223
8249
8133
2194
5430
7037
2799
3939
2861
9551
8244
1694
9574
6914
5156
7589
9955
7912
6901
7030
5216
8564
1367
4589
4357
715
2152
2254
7018
114
3497
4432
8224
2136
684
62
9735
739
6547
8032
4290
2521
6970
6731
5046
4245
8327
1909
5846
2561
2611
9885
6791
7246
3977
1658
4141
7910
4997
8845
2497
880
1499
6695
6490
8990
9418
5534
7872
5012
4096
6387
9861
5034
9970
5226
5100
5831
5327
1559
6520
5346
2782
5678
5126
8590
1642
3987
5427
881
9351
7513
5014
9675
8962
4809
1145
4246
8544
160
6006
661
988
9665
5721
1581
6686
5882
1399
236
7553
5102
3174
2432
3611
4223
454
8130
6841
8021
8643
6954
4975
8785
1250
6470
2630
6913
388
2059
7089
1573
8813
660
6166
4275
2733
2138
9563
4431
6673
2564
1308
9821
8260
9847
7054
9773
835
7259
9752
5133
6737
8977
2984
9311
7628
781
1594
9428
4195
9440
5691
7367
1867
6715
8014
1198
2034
2246
4175
9000
7931
5767
7293
2457
3867
2340
8215
4409
2252
3792
4956
370
6492
5180
8796
5989
1453
2225
2787
8981
8506
1280
2919
5805
824
8707
3272
5498
8768
3676
5370
7220
7916
2672
3339
2873
2361
4442
7036
8148
2400
1724
1139
8299
4488
282
2695
3499
1619
2877
7728
7954
8810
7860
8742
7864
9788
4620
9399
6234
4444
3078
6230
9614
6940
8775
6210
1018
4701
1090
1818
6361
9520
4387
3613
2871
9880
7201
5276
2770
8767
4361
9689
3149
3017
8483
1113
1351
8996
6137
2364
5602
5098
1149
5796
720
3427
745
6113
258
3568
9547
7706
526
5125
3370
4675
769
5119
2210
4730
6622
4774
6971
8619
1365
2344
6822
9098
410
9742
8381
6505
9832
4578
4944
7137
7034
6124
7926
2943
6564
3552
5780
6348
3734
5176
4454
1024
3903
5323
9857
4165
7854
4020
3771
2555
7006
3874
7441
1487
7056
9594
5918
7569
6154
9444
8594
2459
5024
7963
702
570
7646
3715
127
4887
7294
6795
5984
5160
5862
6767
9762
1001
6267
9447
4567
8124
7489
8743
5017
6748
4366
4015
1761
5054
2553
5649
2986
2039
7403
4557
4907
4039
8778
3030
6346
7236
9625
4461
1666
2112
6606
9925
6498
5218
2996
4660
7364
4008
111
5338
7078
4522
4100
5189
8499
8131
7136
8587
2975
3316
1013
7092
3812
916
8790
1682
5737
5664
1350
5921
2476
4515
507
5101
5693
5697
5548
5524
6026
9269
2046
1896
3755
9490
6621
4033
7608
3805
6772
7643
6474
4177
1524
3421
7203
7012
4520
5040
3521
2456
1369
9234
4252
8102
5177
2357
2004
1992
251
3335
4316
1796
3386
6943
1857
4058
1044
2387
2002
6877
3183
3991
6930
7999
6956
6243
675
1397
1153
1132
5221
7333
382
8204
3051
6279
9042
8852
983
7227
2771
9794
3114
3492
4585
6768
1800
9575
7332
752
6898
5239
8950
6701
9895
540
7900
5191
4999
7134
1264
5412
1801
6368
309
7422
9566
4213
113
9698
6579
1314
2000
9455
242
724
3863
4681
1114
7659
1798
6423
5011
248
6867
4062
3493
7694
6747
4803
3539
9499
7433
6990
1638
7993
996
5234
3869
5
668
7238
9171
9283
7028
3635
2704
187
1547
5608
8894
2767
5288
6657
6129
219
1481
2206
7360
8223
7314
2608
8803
9262
1057
6859
9906
7187
7840
7777
1579
1454
5402
2687
8208
9320
3768
2872
406
6089
3747
5515
9183
1667
8285
8488
4209
6726
1485
4229
5298
7387
9637
5594
7718
6183
9232
1463
1739
9138
8072
9640
566
7933
8461
5318
1687
7425
9549
6330
5572
3538
2198
2804
4576
2326
9623
8513
2301
4323
7788
4051
6354
3604
391
5331
935
5129
9101
5419
4757
1759
150
352
2038
7204
4562
4986
9803
5179
529
830
3618
4664
671
729
6005
9725
9141
1129
3543
573
182
7232
4443
177
7122
4540
4820
9951
1451
1669
9987
2420
9448
6812
1415
624
9664
984
2308
4479
6799
3942
7256
6449
5925
5864
1222
8502
6599
5081
6253
4599
4682
7841
7623
1910
8401
6984
3920
7883
7768
6222
415
3258
8309
3860
5878
7145
9543
6408
6946
9249
1209
3260
793
937
4855
8176
2954
91
3569
3598
3663
4849
4327
3192
8515
2957
4511
1100
2971
9189
5093
2278
2116
9038
6214
3325
7432
5203
2636
7383
3914
5511
2649
5874
3059
8092
3359
2600
7184
9539
3368
1335
2479
579
839
4826
5072
6308
5197
5703
8982
6860
4527
7806
5875
5446
3555
5558
2388
1576
7339
6771
1746
4643
9362
698
419
9718
118
7895
595
26
1417
1689
9697
5552
5006
5790
8776
7666
3586
4046
54
5509
9033
4677
552
2527
2916
1065
4928
2016
4278
9387
4315
989
5355
3794
9451
9932
1000
5603
4164
9775
101
1170
1858
7061
7533
3989
1110
1533
1215
8789
2993
8936
6651
1541
8674
6429
9231
1865
5870
3802
9992
8828
2175
7343
9088
2590
1373
2454
1321
4651
2958
6536
7242
266
4059
551
8441
8550
9753
8074
4458
6713
5686
1792
13
8958
7322
8018
5030
612
9137
7190
6162
7180
6440
2802
723
1788
2227
1325
5620
7755
2889
5517
9904
9526
3733
5289
1560
8062
9504
1742
3023
4955
2253
5985
804
5908
9434
5266
3607
2697
6553
4079
662
2931
2197
4884
3972
2779
6665
4632
1040
7017
4034
6939
4312
6245
4775
565
6319
6170
4982
5124
7114
5377
8648
6358
5788
2885
6684
6107
3582
5778
2884
5977
290
3324
4800
6426
1991
4896
4952
5806
4686
9295
6412
3226
4086
9294
603
9739
8233
5998
3172
658
175
9272
2568
1049
7479
9982
5202
3847
3064
5347
1979
1803
407
7662
259
9314
9568
3718
1697
2330
6487
7913
5263
4756
1846
8137
1177
49
5593
4159
4087
6067
9780
2524
2090
3807
8545
3871
2526
1265
1733
8213
379
6288
10
3274
9250
3680
8833
8406
1599
9254
7904
3790
1175
4405
6510
9530
504
1221
1760
9158
7998
3763
5281
6144
9074
6639
4464
2906
8638
4200
1649
995
2031
4273
5533
8144
2299
7596
1536
6550
2444
2681
1905
5073
1278
9576
3044
1289
6451
3936
2192
9694
5291
119
3000
3526
4591
491
4781
2309
3926
3709
4638
5250
2694
5020
1427
1753
1582
1821
7032
7348
3024
6980
4376
8769
1779
790
9241
5589
3656
2664
204
4920
457
4
1070
122
861
7063
652
6027
3131
6200
3452
8754
4937
7745
9677
8624
8396
8807
9792
795
2184
6103
3732
784
8892
5465
2994
8242
7906
5376
8946
6198
64
8903
7368
29
9261
3532
2362
6042
1033
1632
7024
3537
3038
1647
5032
722
7288
8293
1631
6431
9469
9315
3015
5340
2513
2920
4935
241
2257
9026
5804
6818
3241
2441
88
5978
8787
7290
303
4489
1878
731
5044
6776
7289
366
7116
4879
9727
4746
4330
5162
8930
3246
16
9349
5344
4078
2174
1128
903
6419
1715
25
9066
4609
8738
1836
9153
5084
8985
4758
979
2275
1645
2006
8520
4217
4627
5410
2843
1509
8914
2756
9814
5053
1813
6012
6345
2631
4151
7754
8988
9187
1393
263
77
5145
677
243
3112
3180
3073
9540
2187
8906
5052
8227
6497
4862
2009
5638
9063
8992
7071
4895
3542
9256
9325
8698
1831
1311
6447
4880
1598
8902
7253
4448
375
4345
9476
1147
7693
2127
1681
1152
6978
9577
3013
1652
1181
576
8209
7213
5982
8037
6322
359
1246
5178
4083
5472
295
1447
1495
927
2092
9737
7224
7211
9497
583
8629
3946
478
3012
5274
2512
9110
7658
2844
3876
1160
128
6071
7026
7093
3822
7482
3956
2938
2404
1467
5057
2360
4635
9985
8020
6258
8333
1825
1704
2098
1430
8034
6255
1927
165
7848
1735
7705
9200
9011
8353
7685
4897
4894
6801
9538
3854
2822
7703
8403
5019
4814
7939
9688
7825
8889
381
8308
9728
1416
7206
4249
2494
2648
8843
5757
8291
631
1093
5440
5861
9531
676
3724
1872
2715
3448
5555
865
5983
8323
1915
8879
1418
7747
9859
7651
3396
3146
4211
6902
849
4130
1336
8780
2563
4085
9960
2887
8883
759
4270
8447
2953
7382
6037
9506
8675
2035
9013
6386
6277
963
1268
6885
3688
5010
6618
5047
4287
5546
3005
3848
5273
5200
7831
6131
1382
3593
9586
9080
2776
7302
1241
991
2689
4060
3486
2020
2222
6311
2995
8317
1886
8301
5229
6189
4026
3214
6892
6995
6486
2379
4704
7586
2431
9100
3583
3990
9181
9027
9055
2062
8016
63
5477
8304
4695
4189
1437
2353
1164
6820
778
1449
7247
5039
9691
201
2411
8549
918
3498
1117
2814
1087
361
9950
8761
8888
4743
7453
4412
8218
6991
4532
5832
4031
1997
9058
2711
8382
6264
4111
7945
4450
7652
7060
179
1414
7428
1650
8490
4911
9816
1999
8808
4886
8617
7955
544
8626
7580
2669
9659
2255
2165
533
829
1955
9423
7565
7390
5138
9911
2904
2811
1729
7610
841
2969
4844
4692
9244
2970
8975
1829
1450
6548
1737
5929
9333
8275
509
4834
1656
5655
2988
180
2147
1698
7909
1494
9617
90
9839
8198
6196
1892
2821
8496
32
875
3399
6235
1349
2452
1099
9669
6073
4926
84
6623
7815
6227
6428
6538
4767
5783
9233
3729
1646
9472
1648
6043
9134
9449
7097
4112
269
1262
2534
1309
349
5248
1371
2655
9844
2076
5502
411
8863
4181
3196
3588
5486
3222
7932
8058
7345
2333
155
2097
5651
9163
5922
7598
8881
6130
43
1163
8815
6955
7249
7235
8316
7131
5911
4722
3996
9608
3105
3609
8042
8214
9170
8618
3148
8547
104
6680
1651
9732
6001
2467
5748
311
4378
2753
2287
836
7057
1172
5109
8498
7147
8918
3716
8039
8027
6647
1545
9710
3488
6448
9796
1961
8735
4050
5305
3087
8676
141
1224
5531
3904
7834
2416
7632
1544
5329
4103
7929
1167
442
2653
3580
4386
9097
4929
5930
1112
6404
4595
4235
1665
6238
8373
2021
2451
2831
7817
1086
1986
6769
6616
3085
2886
4616
1491
6369
4782
8599
1854
845
9421
2868
1790
1432
4531
8799
9756
3173
1945
5763
7888
4167
6236
2088
5112
9829
5157
6085
6112
8199
5849
6816
9958
8313
8821
4018
3834
4344
1402
3090
663
535
8935
3566
7709
6283
3880
1514
9091
956
3908
5404
8384
6567
7708
2487
9599
2335
4029
8279
9102
373
4742
1949
5319
625
4339
6514
9179
6641
9863
2211
2559
4016
3550
2529
3215
9031
6413
8096
2077
3167
1688
3190
3661
8312
3970
8152
358
109
2358
877
9441
5147
7047
7561
5665
1004
9087
2791
8642
2202
8061
2797
9381
7055
7642
1201
8714
323
3432
8321
5060
2506
6302
6519
9373
9602
2401
9588
8562
5497
5428
5115
9356
7947
4796
1210
8060
7796
8116
5699
4128
1578
5828
7714
317
1443
2398
1995
7665
5117
1137
5626
7067
8669
7619
1263
2217
5251
2794
7601
5159
6690
2637
8681
6989
1466
4968
2183
9180
6059
8737
6875
6724
9360
8692
9467
4510
6123
9862
3477
9726
8206
7615
2759
7429
4764
3557
8487
4765
214
8420
300
2605
8013
1031
8589
6961
2990
2468
4360
9603
6430
4428
417
7638
3433
94
8044
1374
2584
5070
8019
3693
3551
2045
5357
1259
2224
6570
8491
1330
3439
2690
2248
7741
1274
5392
4496
3893
4852
669
1283
8855
6937
8947
4963
2721
2515
6658
4280
2193
2130
2510
9508
5094
7014
5843
5460
577
2956
7103
17
2574
7354
3313
7732
5163
7216
6202
3340
40
2639
8591
1085
879
5632
5286
6161
158
5822
21
902
447
6938
1819
8339
1770
4226
4732
7771
9202
2746
1752
2979
5445
6672
5350
1772
8104
6899
522
6725
7715
2928
1866
8087
4477
8024
7751
8048
5372
6806
2181
1026
7086
82
2985
1953
400
4107
1812
5808
7774
8379
644
2924
7385
8363
3147
4919
6714
4783
860
6017
733
1732
2182
5971
9744
3317
5421
1150
9035
3160
6904
35
2562
1805
7446
8111
1146
883
2807
4234
5348
4831
5683
4317
4747
2380
8530
2495
5173
2927
5821
9260
5303
3764
280
2373
9306
2037
6268
9840
9329
6963
2981
1750
5773
8075
2908
5236
5444
8184
9717
5431
758
306
1723
9070
422
7323
1104
7373
1684
1383
7363
1342
8938
6091
5574
8240
4888
8047
9388
1653
5396
9108
3983
6953
209
8921
5367
3536
590
2785
1356
9957
8543
5507
8755
5076
4699
6590
7800
2826
9743
152
1359
602
3685
7307
2535
8662
9772
3391
8063
1845
3704
3862
5466
5841
6357
5490
4203
7062
1174
2834
4328
4543
169
6185
2072
1572
1589
2100
3120
3699
8038
9707
9846
7243
1596
4521
7631
376
4636
9409
2803
2331
695
3988
8229
2167
8036
6522
4048
2403
3572
8185
1370
6588
5036
2378
8290
3500
9401
6730
1358
434
2576
7011
8202
5995
9876
586
7471
2895
7157
8786
7119
7951
8913
642
310
7667
5050
6178
374
9433
8076
222
7130
5588
3605
7974
3101
168
4391
1027
779
9534
5491
5621
6024
5770
5996
2150
1811
1699
239
4021
5724
5647
3843
9201
632
6025
6164
9674
1876
3126
4685
584
9022
3525
9368
2050
5464
517
1522
5056
7807
2281
1842
9052
5187
3356
9359
9090
2176
1076
5939
3711
3412
7058
8361
8827
3091
7372
9483
2942
3637
4752
4566
2384
7461
9439
6749
3898
8271
8472
6321
8731
7128
4054
4691
2117
4564
9868
6788
5880
2585
8211
4544
3290
543
2044
5955
6366
4126
1535
3606
1058
1438
5223
314
3968
7029
6132
9719
8532
6848
9018
5447
4983
9195
9750
7914
4786
3244
7110
4605
2209
4022
4426
4761
802
4138
2289
2917
3153
7329
7637
7313
5827
1327
2408
1971
7968
797
1036
5863
3009
4981
9071
9685
308
9212
9345
3407
1899
938
3200
6019
3892
4669
2371
4505
4077
9667
6150
4095
2160
3224
1234
5701
1898
8094
4042
9562
6765
1548
6911
475
1020
1458
3619
4507
1895
585
353
106
2339
156
3130
7880
8853
3954
6250
4142
2023
4369
4547
4185
1764
2698
6340
3426
4853
2757
6926
7445
3169
7532
7584
5337
5246
2486
9082
4362
5667
9768
4678
4256
3976
8890
3451
6409
9050
8850
1406
223
4934
59
4116
6644
4835
2298
5257
8907
1184
2428
5369
8932
5670
8120
1452
6287
8335
2788
734
837
8083
516
8485
8960
5566
426
6168
5974
8934
923
762
5758
527
6757
777
3927
7551
7162
6838
8941
9284
4948
228
2131
2450
6109
7769
1719
6515
9940
71
651
834
9527
3422
2933
7401
3781
693
2899
3225
6247
639
966
1496
4219
5172
8706
1693
5746
5408
3553
947
5842
2764
8450
4104
1850
7269
3726
9040
2349
1696
8468
2170
7911
1046
4061
1532
4891
5450
6158
5013
8792
9893
5188
2712
1122
1052
3646
8876
3164
8521
7855
8070
817
4372
8180
172
5195
7146
2974
2747
9140
482
1230
4688
9478
732
5206
6534
8511
6924
4228
7830
999
7522
7476
1940
5972
3967
5416
1477
8306
7832
680
83
7546
9416
2723
2836
260
2725
4253
19
9119
9626
6261
8414
5527
6633
3218
2266
6652
8972
1227
2396
4241
9289
9587
8912
3630
1272
1864
5066
8217
5484
7690
135
8696
3303
5988
4905
892
5519
716
796
9860
5829
6922
5042
2646
1140
3032
4529
2057
9252
371
8709
4036
4467
6475
3350
4460
6591
9564
4946
7496
5689
4137
7172
3238
3642
8157
7971
8342
2851
8537
3458
9919
8389
6500
8559
6459
5483
7614
7408
3041
5167
4400
4679
2219
6187
1061
843
2200
7101
1247
2471
2480
1005
2123
9353
4917
5535
1983
7524
2968
1287
9596
3579
1830
9450
5648
2531
5769
7264
5152
8628
4961
8156
6972
7210
5871
5441
5731
7869
6782
8970
1318
9503
665
3564
8425
3819
3163
7444
9107
4851
8142
3232
4846
6614
6707
1171
1679
605
600
2223
7810
630
8705
9943
2583
3279
6628
4860
4255
3479
480
1352
7139
9025
2645
5306
4825
7233
2245
2935
8367
87
7575
5198
1668
846
8033
9221
3281
1588
4658
1073
9215
4498
7276
4398
2001
1079
1056
3672
7970
6062
8566
9128
564
1482
2894
5470
1557
8108
8390
8250
5165
5235
4088
8150
756
3168
6320
1276
2268
8008
5002
9793
3016
7477
6491
7229
7899
8413
9370
7355
5183
4399
307
7100
2502
4930
9946
8690
2546
2056
5964
129
8338
1420
9491
5361
4969
1360
3930
7277
8201
3513
1190
3392
508
6679
4174
405
5225
3915
3415
3894
3048
8512
2293
8452
5368
3859
6594
9465
3199
7318
7176
3344
4193
6367
7644
4144
4570
5245
9173
7225
616
3626
1444
5192
3861
6582
9683
2808
3176
6905
3895
5789
6625
8533
3417
7634
7746
4314
9813
1214
9384
569
854
7704
2632
1238
7331
5707
9271
3416
5728
3165
9789
7770
2375
3195
5855
1503
7849
1563
4484
1518
8241
9191
312
1433
9605
2316
9278
4470
4296
386
6169
8712
3766
4194
9542
2126
403
8715
819
1490
1549
622
8555
2775
8445
4349
2079
8212
8497
1102
6835
9237
9800
6389
453
4207
4408
9106
3742
8025
615
7301
5540
134
4709
1791
4513
1015
3962
337
9627
6696
3750
5481
8831
9382
874
6526
2929
8352
6352
5244
6693
8288
6285
9282
4292
1107
8466
5946
6282
9908
735
7305
8369
7733
1193
7925
7748
7857
7765
818
6554
3210
6549
6828
6160
8253
3722
1155
5316
7965
3345
5881
4025
1294
2162
265
6908
8678
6569
9316
7118
7073
7082
7661
1977
5352
9580
4528
9468
1007
4900
1235
250
2634
3694
7185
4912
70
4492
9123
7960
697
1217
9670
727
2867
6010
3029
8101
8366
3255
1904
3179
2328
6376
4082
9374
466
7622
5823
9405
6097
1635
4438
9795
1156
5358
3973
2517
6225
9086
6391
696
1918
5994
1037
4401
1550
7486
5596
3216
5212
6078
7928
3514
6524
8428
5840
7384
3697
4009
973
4069
6720
2445
1815
2612
2083
5928
3384
9076
6722
5237
9593
4813
3559
7592
4456
6529
7749
2151
1695
3442
4481
8933
9459
5679
4966
5622
9341
3288
2671
6578
9781
9049
2429
9043
5150
3974
1852
4856
4250
4808
1784
4631
3837
2226
95
6719
8641
8357
5619
8166
9057
2395
3462
1281
3271
5747
964
6312
2677
1967
1363
519
7334
2863
2936
3106
4197
227
7107
5713
2163
1671
4134
8246
5774
1862
5000
3483
6890
3534
6531
6968
7627
8261
8732
5662
3759
2596
3336
3829
9003
6182
1191
7641
8557
8727
5041
9046
1783
8730
6773
8579
4668
3338
3435
2324
7212
2153
2855
5744
8968
2739
153
1357
3789
1072
6464
5364
4320
8183
3157
2106
5650
350
7179
9208
1630
1787
2169
7271
789
2959
3367
6180
4319
7966
1376
4500
2473
7342
6573
207
3027
1744
9400
2314
9479
7591
5568
9778
4700
3712
3209
7427
5254
5694
6755
8022
4859
6920
7686
5645
5708
6975
3907
4465
872
2296
8429
7750
1041
9763
7603
9291
9327
4169
5597
6682
8627
8601
7681
2351
8195
5380
7457
2795
3117
9653
8354
4693
6681
6075
6907
6932
597
728
506
3076
8858
5400
9871
8139
9612
4476
4322
7756
6269
1600
2321
4789
610
6175
4150
208
2063
4588
2765
1095
2738
2415
8407
5943
8281
3080
1795
636
7827
429
232
7396
2592
1428
1275
9077
1291
5734
6493
7278
7125
3360
1121
4310
4864
2806
4816
9176
5435
9302
5766
7863
8910
2354
3840
1765
4236
4818
4785
9213
107
5228
1108
5080
4074
6637
2818
558
1554
1219
3121
6190
4657
5877
2713
4807
3125
2951
7166
9125
8153
9631
3504
1716
3003
7618
9296
7508
2965
4242
2270
8697
6325
2656
6306
9024
2113
9322
3020
3485
3669
8424
4410
2460
8872
5687
9266
5265
3631
6543
8596
9220
8235
2824
4628
4655
3372
9834
3846
6645
1375
9870
2978
3202
4988
840
2472
743
4989
2363
5895
8010
2545
1228
3233
1168
4486
4342
6318
8779
5529
112
5468
7866
437
8527
270
4921
3047
6883
4889
2875
7997
7419
5685
1678
2845
1934
5765
4049
7782
5242
2773
8575
1255
5695
148
7710
591
1344
7406
1333
5759
3309
5760
2244
9391
4295
4512
3366
2282
7870
634
2105
5710
8726
8362
1192
185
5374
5432
7547
3414
2015
3842
8475
2064
7208
7094
8741
1863
4791
832
714
2571
7717
9936
8315
5089
1075
68
5542
6378
8221
8516
5749
936
8752
8380
4601
3783
9815
1425
1925
220
7013
6797
3249
5627
8756
7698
8078
8411
5669
465
4170
6611
6527
1154
2108
9371
4581
776
7599
1771
6945
8952
7983
5362
3352
3401
4784
471
2707
9375
8439
8518
8607
2376
4810
240
441
8231
1700
4749
9729
9819
4064
8882
2709
8595
9548
6442
6923
3194
7165
9561
1043
6420
5386
8322
2719
3993
8824
7080
7719
5505
9934
7230
1868
4215
9032
4324
7503
164
4959
377
1188
8896
1182
8344
4801
7986
1660
7773
2854
954
8347
6101
2052
7724
1944
520
329
8605
503
1833
2259
2043
4630
3310
5190
190
1810
6237
5894
4156
477
2922
6136
7402
8603
2841
9160
9489
5314
7626
7498
1802
6846
5522
6894
125
58
5601
3629
815
7394
9092
3346
3043
7836
2233
6226
8320
7043
4028
4302
9217
8734
345
4125
2992
5709
2869
6947
4414
1256
2484
4274
8794
5981
2024
2231
8959
4861
9977
3230
6779
3453
8387
7113
6479
6377
4580
5656
8998
7657
3689
5802
2589
4670
6499
7607
2898
4418
9848
7943
6869
9892
4875
5902
6740
8563
3102
4729
4904
8329
9713
9267
6172
9126
8630
7133
1877
1249
6986
6441
4823
7878
7335
2848
7808
8558
343
4350
6300
1284
5973
7447
7178
8417
6833
2528
4524
9559
362
3571
5121
9188
2359
211
8978
3916
2040
5296
8967
2392
6165
2673
3088
9569
3371
7528
5615
8860
7127
4941
9415
326
5976
4388
7459
682
6240
73
4751
4819
9218
2118
9452
8088
992
2684
9426
7393
7262
3608
8364
9852
858
1261
6830
2356
1484
742
8897
8531
7953
2536
7816
4406
2793
689
3254
6798
4318
3899
1933
3072
5545
9245
7729
2622
2345
7723
9841
3547
1368
969
5055
4519
8283
8608
6339
6221
4913
1595
6260
1806
3223
2264
3220
6496
8243
5193
2157
4671
4487
9918
5560
799
8255
9285
1207
7581
8600
8994
9597
3115
9524
8964
1400
1476
8193
1478
2049
5986
1966
7552
5899
3651
5794
8661
572
3574
9570
7462
5559
5590
4526
2166
8205
6819
9917
7683
5028
9907
5816
4368
6834
6036
455
3589
647
9095
609
3269
3810
2724
5091
4857
2982
8716
5777
7045
3283
1038
1814
6239
1082
7839
4468
9964
1127
3007
6952
5500
3567
9143
4612
2178
7549
1179
7859
2012
4188
8395
5267
472
5204
6197
9259
6964
672
5420
6159
3870
7214
4027
9486
5271
4971
3700
6503
9204
5557
1755
939
6669
229
3787
5677
9523
3236
5742
2125
5300
6525
1882
11
4804
9002
2271
5007
6741
9287
5158
6149
559
7499
5893
2464
655
6480
1233
6272
704
1236
4222
297
4725
1408
281
4131
2201
1474
355
1987
4283
7587
3282
5110
7510
4367
8859
862
256
103
2726
5356
5184
3531
6266
1298
7369
8162
9954
3888
6705
8100
3786
6601
6456
494
1561
3811
9407
3296
8158
1948
7562
2610
2482
140
2119
8945
9312
6193
6660
4792
6699
6558
5579
7593
6595
8154
3464
3445
5624
3585
1203
3410
8783
2453
4109
2658
7919
2774
6298
7440
1840
5775
2242
6416
5628
3969
621
5240
9676
2089
8385
6925
6650
2439
4098
9389
5570
5049
2228
5417
4727
511
7066
3217
5938
4248
3175
2115
5690
485
4321
1253
9257
8652
2458
4224
6070
3450
1305
4216
330
3873
3928
8721
3141
6977
7261
4573
8090
2544
8830
4166
8332
5388
3809
325
8577
9636
6065
142
9061
9174
7273
5959
1580
1489
5927
4294
4842
178
2436
6398
3119
6252
8905
2291
5385
2748
2580
7001
5812
8871
1894
3948
9505
6861
648
3067
1096
3127
7743
7894
9924
6276
6703
8695
4906
3546
1456
6370
2915
9749
3440
7617
8931
760
1431
8258
8118
7083
3524
332
7959
4439
1919
5454
7328
9695
3161
9395
2918
6912
2650
3667
3851
8168
904
1937
5282
9721
9277
7779
6700
8143
4038
9662
4621
4326
8791
195
9842
293
8925
3947
9535
626
7692
8615
2642
9913
948
3188
2144
5058
9865
7155
9477
3955
4421
9776
7875
7802
5997
8993
2514
8868
230
1954
596
7041
8713
7414
1273
847
420
7074
4121
4180
9722
8759
1202
2829
8720
6865
86
1159
7905
7454
8169
2058
866
7237
5952
6873
8432
4584
3622
9648
531
4731
8999
6461
6314
9009
8300
2132
9528
1562
9618
5437
2688
3460
8745
344
2148
1528
7525
9431
7409
6800
4427
3918
3037
5859
3509
4843
3640
2816
856
4012
2205
5537
4123
5027
4153
2635
5990
5478
6823
319
7813
6837
6557
4514
7042
5614
6589
767
8915
9172
4272
9139
9600
6069
1686
7721
132
567
9184
4590
8470
432
4257
3187
8341
7196
7295
8893
7004
7466
882
1952
6003
7474
943
2813
4998
9151
6530
3522
4985
9769
5520
6313
4794
9545
9869
8503
9309
8456
2177
60
7742
3482
8294
4565
5578
8651
5917
9429
8082
7824
7424
4947
9771
55
421
5642
1124
2022
8708
1799
5493
5653
8003
1584
4091
3103
1718
9921
7518
6382
1345
4311
7189
3512
4633
699
1706
4882
5585
1756
7821
6610
5940
2952
4017
6635
857
6655
8325
7521
3666
7007
4002
9872
549
1708
9109
6702
8895
541
1922
5476
1286
1508
9572
7228
5688
7590
9404
3825
9515
6752
7908
3177
7108
7416
1837
1881
2964
721
1973
9460
4108
2239
3751
333
234
6678
962
4239
8635
8826
4964
196
3487
4303
8683
2859
3665
2792
6292
9972
102
3900
547
6987
6434
6735
3077
9331
9425
3299
4055
7991
170
3297
5259
6574
826
1888
3592
5825
390
3026
1319
1510
1749
4288
3889
8820
461
5365
3639
1385
8392
1826
4953
1957
971
8141
574
5525
3953
492
9835
3799
7153
8926
4996
2598
5233
481
4967
1531
2265
2558
2190
6336
4430
9197
1644
9471
7767
4374
3958
8187
1115
9501
4868
3197
2475
166
688
1197
792
6586
89
3385
3596
496
6976
3259
7194
4623
5833
2909
4778
3858
7940
1673
1391
3349
2029
1032
4115
4466
3875
7516
7353
9560
9079
6900
9310
5471
3624
6341
4358
8505
2462
6425
6532
31
8733
5360
3581
6850
6744
1398
6390
3321
3489
6483
2652
6138
5883
2295
7272
7374
9227
3438
2627
2101
6135
5518
2947
4057
3655
8818
8597
1808
6607
5413
8302
9029
469
4171
3814
8565
409
147
3641
2810
7033
6910
6675
5848
6380
2234
2740
2701
9466
1873
5414
2327
278
9304
221
6035
8055
1322
4979
5186
5604
4750
424
4689
3731
8474
1412
8460
5127
9104
253
1936
4518
7362
9578
7760
1835
3280
4093
6568
4744
6305
2744
8539
7845
8802
2941
9521
9712
1608
7132
5436
2310
9111
8928
2267
1089
6274
3444
7291
6181
7317
5965
5910
9889
7514
5399
2696
5285
1083
8412
9010
1103
4269
6615
7613
2742
3737
801
1822
2261
3430
2858
8986
3803
7395
8006
2161
5004
2594
7877
2010
5003
9684
7556
9403
6213
7413
3830
7689
2825
5692
8957
3304
4735
9085
7417
2389
5016
7588
7215
6495
2923
5834
3695
2488
4977
4622
1625
1134
8904
1703
7886
7656
8825
7391
2311
2856
638
9922
5333
803
5130
3079
7008
4397
6080
5897
7500
5394
986
3817
2297
7312
9343
4433
9585
3595
8526
6643
8146
8857
6951
1629
395
3852
4925
9420
4004
2769
889
5082
6879
8267
1701
2102
7292
7197
261
3330
2060
9165
2485
4885
8771
9016
299
1200
2997
5506
8811
8128
1131
6013
640
8433
886
4892
3864
9661
2250
741
7470
650
7731
5241
5461
8295
1726
1497
7678
6516
8481
5304
4559
9051
9513
619
4945
468
1542
1972
3379
3276
4637
7263
3267
1269
1670
1989
5208
2338
5787
9369
7377
748
5255
7979
1144
110
7076
4380
9411
7753
4705
1728
1338
3135
4073
6427
2013
3735
1851
5064
3446
5751
3089
8219
1461
186
6002
4117
4446
8028
666
3467
5379
7098
4305
6785
9802
6471
9976
9766
2837
6967
203
7320
8816
1781
3300
2880
6270
6216
8356
8666
7255
5723
3170
1885
6729
6592
867
3028
7563
5926
7437
4379
5335
9989
7688
2269
6502
5008
9812
3063
4240
8287
2523
476
9704
2493
1225
7664
6827
2578
6753
2082
5297
5716
7602
5644
9239
1523
7251
1347
6079
6032
171
2478
4597
1091
1861
1410
5629
8358
4873
659
3670
7430
9961
6394
3507
1606
3374
3333
1339
2683
806
7112
5345
2914
252
3437
30
6494
5741
816
3142
3311
3036
3767
2902
502
7992
264
8784
327
3503
6229
1639
5280
1035
3456
2925
8081
8197
5451
490
9678
3625
6555
3703
4423
9777
6698
8747
360
3545
7620
9979
4960
9632
1938
7084
9275
7823
8136
6463
4192
6194
941
5434
8041
5211
8788
7778
9492
1141
6356
4045
6174
764
8551
3713
9988
4092
9152
3328
3563
1604
2963
7009
4954
7174
1050
4262
6399
2421
2602
4343
8191
6598
1012
6507
9112
6692
1267
3166
6560
7530
1071
3823
8234
1303
7540
8929
4396
1620
8616
1731
5045
8151
6228
9529
1622
3540
2548
850
2370
6396
4552
346
1839
4089
2377
5384
8122
302
6562
4827
6817
5735
2718
7022
6244
206
7934
1921
7762
8834
6411
2111
3014
2547
958
4876
8976
5332
8632
1194
8649
7679
1059
8873
7501
8740
3308
272
6291
6133
8633
8954
6996
9207
2332
9164
9157
1820
3984
4909
2221
9386
7962
2322
5311
5310
921
2530
5630
539
7308
8572
6254
1947
5155
1173
6704
6064
1252
9274
1950
4561
4737
8804
7512
8748
1199
2315
3040
9746
2955
4067
6577
254
1310
2849
8264
449
755
5865
8284
2699
6881
2896
4297
9432
6649
4987
593
5308
1637
3250
5317
2987
2133
9007
6537
9805
5383
611
4435
8280
3835
8402
2934
4044
9681
8534
7856
5075
757
6676
8482
5351
1208
518
2465
12
7404
4118
1413
9709
3601
1963
9427
928
7735
7722
7164
7244
3818
5293
9120
9759
7222
33
8073
8546
9651
9127
5732
8951
4790
425
844
6402
1118
7439
459
6587
805
3960
8856
4147
4806
6223
2279
8650
7257
6347
4824
8331
607
6576
9591
3644
37
1245
800
1903
7597
1880
3921
1378
926
2980
1297
1855
8463
3778
8149
5302
6810
342
5151
3931
5857
6754
3519
287
3378
8667
5733
8334
9166
4178
3511
6127
5654
5448
8942
9487
1028
1962
1555
3429
4389
8556
305
3302
5798
9644
749
5107
3104
6324
4753
324
5424
8717
7640
4363
6337
5194
2862
5543
9854
3262
8673
7420
9657
9064
981
5567
4949
5401
942
8656
5210
1758
1603
3390
4375
7734
8110
8819
495
8729
7958
6453
9822
283
3337
2950
3780
1917
1640
3597
8770
5813
322
9313
3924
4568
3961
7804
907
7158
52
4076
5967
5068
8376
6845
2755
9056
8800
5549
7254
4680
6087
3408
9609
9417
8728
9622
116
8388
8095
5730
6916
7418
7558
6044
6636
5294
9194
3481
2346
3162
7161
4866
4649
9364
8007
4030
7070
5901
294
3252
5564
4942
9997
4221
2386
3124
2892
8781
4965
1968
5494
5592
2469
6993
9323
5962
3443
6023
6805
582
9379
130
412
3826
9518
8029
3140
2135
5569
7727
8138
335
811
8181
8901
3744
6552
6163
6663
9073
2926
8806
761
4516
4611
1439
157
6179
6485
2674
5312
288
4815
3599
2155
7600
2897
184
7346
2230
1389
8263
9186
1442
3314
3979
1804
8846
2731
7286
2582
9888
9484
1569
4329
7850
7550
3315
770
2616
6418
2853
4957
3096
9724
2068
6249
833
6979
9824
8875
1313
2881
5934
2430
1460
4334
3919
7740
1055
5253
3594
3382
876
8866
2369
313
423
3234
3949
9820
5272
1519
1662
9397
4411
5820
4157
3879
1381
4839
747
7881
3678
433
7245
4502
6653
402
2158
9887
7937
2425
7431
6115
4106
6176
487
4560
9837
554
9767
3659
5085
4331
9161
4787
5499
365
5623
4812
1897
4741
1212
3156
3191
2288
7898
5482
2817
4666
571
6751
6232
3094
763
3001
4332
1125
691
1848
7068
8593
7797
2018
2087
5958
3836
2143
2017
3381
1585
4734
2750
3397
8464
2426
6141
2937
8009
5903
4110
4377
8862
5764
6053
1455
7398
4451
9263
7737
3062
5553
108
7578
4407
7792
9764
3495
6829
4140
4127
2907
6523
2054
9783
3441
9679
9833
372
2137
7472
2237
8974
7543
6689
6004
2423
9584
645
9660
4364
8282
1614
2154
542
7677
5836
3205
6794
5920
6504
7691
249
2145
3380
6727
7882
6561
4429
2593
906
3815
6572
2620
2414
9413
8663
6933
3018
8247
4902
2760
7761
4437
810
6774
8944
4898
5395
1392
878
6086
8552
960
3449
85
5247
5403
1602
8793
7861
7324
1740
8303
9129
7695
6674
8002
5675
3306
1613
3675
1743
4517
4736
8922
2860
4558
2597
2607
2214
3158
5106
7982
5890
6294
1109
4352
9178
578
338
7300
809
5277
5736
8268
4610
9994
7738
3418
4279
1890
2191
3982
5078
9999
785
3896
9838
2121
3645
451
8680
8298
2067
9942
4910
863
9203
2668
4604
8080
6528
8442
3361
3108
1317
3560
1169
9147
2625
1068
5914
1290
8919
3171
740
4114
192
685
3286
2448
9462
8553
9702
4415
4878
8809
6120
2751
6477
7582
5853
4850
7487
2557
2337
5898
6640
215
4661
524
5111
2249
4353
3515
1119
1488
1794
105
5702
1326
1860
6421
460
6602
80
6809
4081
3343
3322
5886
78
5668
2833
8068
1023
3901
5315
2516
1166
1440
8097
3362
1841
4441
2693
1030
8685
262
8375
2229
1014
2852
6208
944
9072
4035
2640
4187
3959
5185
2168
7282
8350
1734
4523
7977
3938
5680
9853
6241
3902
2393
4356
9909
5079
3100
7976
528
6359
9866
8581
4440
7654
8458
8535
7321
5866
9300
7790
8431
57
3561
8286
1587
8586
2809
1677
6927
427
1516
9078
1187
6126
5607
5069
9867
3357
8266
5700
9299
4830
7809
9971
9337
8753
931
5612
5782
9517
5916
8604
8647
7725
3034
532
3932
7274
4881
5528
8540
2586
3943
3050
483
6777
3558
8410
5838
8576
5523
9923
6895
4381
5480
6353
2394
7935
1951
4251
9968
5230
9132
4291
3965
2827
8426
4135
9461
5219
7412
2876
2743
2372
2481
852
205
443
884
1078
9253
620
431
3137
5397
3788
9510
2778
8005
5301
9761
5105
972
6438
6710
238
9666
9044
1757
2604
9555
5738
3505
1161
5935
351
5321
6050
5473
1340
81
4007
6918
3042
5083
6077
681
3573
6056
6863
5137
4307
2573
7177
3004
3845
7952
641
7421
4838
3463
6436
2422
9641
556
7873
588
1060
8216
9069
7669
8637
6290
3075
5026
4191
7922
6303
5224
7716
1088
4805
285
4491
9182
9544
8132
7504
5164
368
4214
3692
2644
4145
5134
1984
683
7350
656
7687
8053
5407
4893
505
4132
7948
7837
3431
1248
9864
3184
5639
6667
8836
3496
7148
1577
9154
5459
6301
7149
3293
7811
9798
9354
4205
7793
4650
6804
4536
9589
1111
5429
9858
5456
3730
8598
7181
5909
3910
8867
8574
1552
3393
6195
75
3369
1942
380
4991
3465
5249
7297
6853
8679
2663
4548
9514
56
6029
6544
887
7648
2110
1780
7005
3353
4592
8155
5924
5090
5636
8900
1683
2921
1123
6462
8841
9021
6608
9810
7240
7129
8462
5781
2071
3002
124
4554
8478
5196
679
1480
8969
2061
2173
7720
7885
7544
914
5867
7555
6349
8989
4019
1448
4424
9037
5719
8864
9301
6090
5136
9791
9255
291
3470
7435
3494
6706
7365
8480
3723
7624
1745
4530
7766
1364
6
885
2318
9613
7957
3261
4545
6317
822
1930
7411
6031
4384
6375
9105
6764
7822
2099
3850
6401
5933
9342
7497
3994
9305
5063
7048
4644
5487
813
4798
4763
8920
4434
2350
7426
1717
5657
9931
3307
4208
4190
4457
8961
1136
9532
9493
3447
7015
8686
6374
378
3782
9280
3662
2661
3212
9336
5097
6668
2232
4158
7871
667
2626
8065
711
6992
7281
8210
9264
4976
286
3231
7700
137
5001
8109
5205
8051
555
6171
934
5571
9512
2466
7865
5061
871
654
2768
5633
4711
9963
6931
3025
608
9357
383
8343
7325
2500
2030
8760
6517
3211
1659
5154
5023
6184
5128
6117
7984
4840
2533
2815
7907
6167
120
6333
7842
4607
8140
8427
4525
5104
1923
8318
7711
7972
1889
347
5786
2140
1306
8326
8670
930
550
3277
53
2139
2754
7099
5784
2483
8772
5339
5328
6400
4370
3774
9981
6604
4992
1539
202
2262
4202
2857
568
7436
8040
1512
5900
3185
9494
9017
4032
7002
8702
4066
7248
4932
6046
2606
3518
599
5371
4160
5122
5342
6393
3181
9198
6988
9949
369
7464
5148
5762
2891
4393
9293
8046
4071
5378
1592
9672
5067
9390
9959
3221
1982
3294
7950
5022
9424
7605
3472
2033
4754
6670
5718
4084
5033
1479
7250
8121
9190
5696
9230
4080
703
2343
2323
3247
9398
3320
7786
3363
5753
1130
3570
275
9065
1500
7096
3883
9715
9601
3833
4232
336
8573
6388
7519
4587
8134
6466
1893
4795
842
3741
2284
8292
765
3913
5503
488
3198
8135
3544
5021
7612
1939
4052
2662
8885
4023
6381
3808
9335
1879
8200
6186
3219
5123
1517
8071
1016
4733
1105
827
5142
1988
6759
6231
5512
1231
1617
9937
3257
1178
9117
6207
5018
7270
4662
6415
5743
5095
4299
6465
2823
413
6406
7961
8541
8451
8399
1834
2146
6152
1362
4659
1021
6450
2329
5941
2446
3674
5467
9470
3365
7573
2910
6878
2277
6201
5830
4739
546
5750
5550
1329
9536
780
5868
1817
6546
3827
2900
1793
3653
9347
1964
7309
3575
7469
3057
1958
8528
1785
5214
7560
2007
5706
9475
9205
5658
389
7964
6217
1143
7460
6888
9890
8
3775
6627
1158
2541
8103
6948
959
1959
6847
7283
5634
4359
7218
3705
479
7676
7296
1768
7917
9229
949
9122
146
8924
2498
8467
7594
9346
8494
6432
750
6326
9700
161
8164
9935
2080
2812
5092
4152
5538
7757
2613
7527
6295
6351
1853
7111
5496
4462
3354
5103
5599
5671
7303
8443
8877
7819
1372
3039
2820
7902
713
523
1551
4648
1513
673
7538
8865
2783
7356
3264
3682
3243
7763
5956
9500
7379
2865
1643
581
3010
176
2474
9235
2643
9135
452
6836
9723
3952
4206
6048
2522
6874
2341
604
1506
8837
7109
1993
911
6296
1767
3796
5065
6363
1334
9915
3652
1138
5458
7450
1242
2846
7140
4168
4833
3248
6758
1537
9297
7758
6344
315
9785
5382
2560
7381
9435
9473
6620
1914
4903
4533
9406
4863
6824
6289
823
1778
4773
6284
2195
4978
1053
2008
6889
121
5238
7874
3265
5269
7987
5761
1387
5851
4995
2507
8345
2520
3031
9624
3510
4899
9898
8703
6125
3150
45
9751
3749
7023
6811
1189
3785
9912
162
4146
9193
7820
9393
5876
3491
6145
7219
8848
5532
8066
499
2307
6478
8898
8416
4771
7576
51
5845
1299
7844
9758
7975
2839
7787
2552
6849
5722
9905
7065
4770
5521
8220
8584
9592
7266
6761
4984
946
1776
246
2096
4201
399
2657
6743
394
3084
3268
2463
3420
1196
897
4619
8465
5161
3945
791
3865
210
2556
7781
8430
6332
7852
1775
7088
7151
6545
2069
7397
4916
1315
4841
9818
1148
2566
3395
8744
5422
2679
3082
3562
5915
8817
1006
8254
922
9730
174
2504
6581
5153
3228
279
6513
4836
4694
1195
5199
4129
4124
7160
6790
8693
5932
2762
8766
2443
3046
416
7879
525
9973
3118
3800
4848
3616
8585
1285
2784
3933
7173
2847
439
8017
3373
5166
5051
3565
4163
8479
8613
334
8965
807
2186
8418
7853
4551
5953
9642
940
5613
5132
1010
6659
296
5433
2577
1045
6957
9811
7326
1355
4403
5207
7736
9711
4719
1751
9496
2036
9286
9378
9619
2447
8438
2629
6030
4485
7557
674
4865
5175
1975
5283
8172
900
9480
5475
1080
9850
4821
6021
6379
3490
2011
8455
123
4647
5213
9882
3066
1279
2
2134
6219
5334
50
6832
2407
2218
8948
5381
4001
4577
8259
7258
9894
9363
6280
8064
6934
1956
3584
4508
9583
3355
7616
6919
6880
976
3424
66
4769
6016
9509
5290
6066
6770
3329
5516
9402
6052
6051
9054
1875
3128
9298
1066
4453
913
9884
3758
9567
8691
5968
3151
7371
5756
4847
4094
1419
4490
7930
9412
2325
2091
3650
4890
6092
1891
3245
1832
9755
2124
2290
5389
6872
7438
1240
2599
7031
4422
2041
977
5771
6949
575
3436
7358
1553
36
255
1295
9442
3086
919
4230
7893
8228
851
6512
1054
2617
618
9303
8620
951
5792
4950
700
3402
1655
4663
4715
4922
4901
6286
6355
1493
965
7541
8665
6593
1980
7785
8372
6600
5556
3776
3502
6392
909
9980
7191
4119
5904
9115
8471
4717
7994
5526
7046
7121
7833
5906
2172
2212
3964
9956
8448
5442
9446
7978
9984
5698
4336
6242
1969
8237
3305
9516
3508
8050
7868
2026
6708
4340
2418
6422
8188
7674
6147
8098
3083
8739
2028
5937
7973
2628
9048
8273
2449
6736
4452
3779
8839
5739
9482
771
4382
1691
6383
6481
8192
4285
6763
5114
7021
3549
4390
9243
1331
4102
2883
8569
9686
3906
6323
9873
7209
2413
7052
8004
4748
6041
3855
895
4672
8383
6518
1762
6778
8049
9995
1320
1911
5583
3648
5406
79
3934
8710
9507
2283
6072
3186
2720
3520
5260
2336
6671
5999
821
3754
6929
6058
6508
2539
4154
3745
2417
2489
8161
1981
8639
9118
9377
9474
1243
9344
7650
9638
1157
8421
1828
4097
2913
4586
1435
3398
9899
4162
6076
6096
4550
7988
6921
9639
3923
1907
7517
545
387
1946
5768
6373
8059
4571
4306
5852
1869
2305
7299
9849
1534
5957
2399
8782
6153
2973
1434
6852
899
8346
4355
3717
2703
6843
3323
2258
890
1292
9687
5326
6074
917
1226
5170
9843
7465
6443
4404
7077
9649
5966
5993
6745
5975
2313
2601
6334
3740
982
1769
5581
367
3752
9210
2835
6338
8043
3995
9616
3394
6140
3403
5587
8269
9799
4883
950
484
4072
1926
9663
1612
1022
276
318
4455
2406
2614
5439
8671
2511
9590
1337
8114
589
3710
8393
3049
7701
6484
8884
8457
5591
6049
8160
2692
5309
753
8939
9338
2501
99
8507
7509
9485
4553
4413
3541
2518
2729
870
498
974
6854
4549
2890
4070
2216
2156
7629
4858
9206
9238
2734
9383
7405
687
3897
4534
9251
3138
392
5800
9693
2427
3533
14
2048
6871
9604
2496
9222
1062
2874
4993
8757
8173
7415
218
978
3917
8517
93
3468
9765
6257
9376
4136
9809
2503
5712
4447
6063
6433
1567
4003
8682
5222
4014
9629
1816
2647
7635
8764
5954
2519
5501
5797
6224
6985
1237
3975
7016
898
2164
5844
9148
1712
3251
4304
6020
8348
7183
4293
6275
2180
9246
4728
7579
5869
1730
6407
8000
1883
2247
8186
7152
1657
8940
3739
1002
3940
9167
4822
1609
6886
6716
3683
3033
8621
3804
905
8588
2678
3022
7311
5405
587
8469
2842
9933
8774
7205
3687
8175
8908
3476
9236
444
1034
1120
9308
8797
635
1106
548
1282
193
3239
5120
1675
3413
3746
1711
6114
1924
7280
1258
4099
5772
3838
5426
9502
7876
9352
5215
357
7989
6694
5837
8874
3720
6038
515
188
7712
9317
9598
8523
4475
9039
8377
9488
8232
7990
3523
1782
6350
4828
952
980
957
2188
8404
9720
1906
1707
3021
9247
3577
6188
7702
7670
5252
216
5676
1901
4337
920
8658
7980
7239
9760
5980
7726
9419
7488
4276
9014
6118
7862
8554
9673
3769
2714
2499
9030
8571
3828
6994
3784
3143
9708
7163
3721
7351
3602
2722
2094
9288
7298
2189
9926
987
9748
5847
7284
2149
9005
5313
8115
7442
1680
