6000 2000 2000
6634
6326
7520
6768
9310
8836
3197
6080
3996
9795
8607
1285
2015
6420
9456
6797
1266
5406
6332
8353
9053
1836
2958
6078
6929
2269
9030
6715
9986
262
4254
8422
8541
9847
9190
6658
5483
9328
4365
3545
3002
2414
5788
3036
2688
4397
4864
4535
659
2182
1800
9402
4540
6390
7200
421
9507
192
5390
4173
3867
6975
3995
6169
112
3351
1895
1193
5690
8145
6588
4181
7657
2333
6125
2198
8474
6008
8093
9213
2236
9789
9333
5346
7214
9908
7091
295
6509
6241
8894
5573
370
7612
8650
1976
1808
1718
4880
5127
7711
3511
7423
8112
7600
2193
6027
6082
842
1413
8919
6236
8442
3072
18
8939
2078
6878
1670
2543
8365
7921
8973
9905
5686
7961
7656
291
2088
7762
3559
4419
6579
8914
921
4840
2766
561
6535
4313
4451
5481
9765
8392
7041
1663
5175
4809
5353
910
2073
9284
1313
2591
2298
3551
6508
7550
5633
3856
2658
1846
9904
5526
1854
1944
8223
6445
177
8516
6923
9695
6344
533
7234
4386
6136
9534
1360
4895
7386
9258
7851
5071
2302
6202
6976
4015
7300
6490
3814
6037
6382
5657
4552
1130
3859
5790
7891
9564
7329
3041
5283
9316
9900
6220
7529
8304
7365
7535
9220
1688
8234
2184
4091
9782
7636
15
2667
5204
4914
1271
3930
4174
745
9013
1544
4640
1892
2546
7950
3319
4509
4016
8844
8185
3993
9499
2819
677
9350
1345
4299
1810
8702
9925
6086
7315
7512
7454
2542
1280
8826
2580
9913
9612
6380
1559
1918
5351
2736
5309
6453
3874
7651
762
4223
3913
9951
2816
2445
908
2079
8897
1833
5749
3530
5940
443
3115
4508
7546
4996
5123
1773
9608
493
3237
3730
6049
7353
3132
9482
6299
625
1506
4117
328
5518
1027
2033
5486
1028
8831
8780
7237
7368
9496
5138
4523
9756
3600
3833
2685
5205
1146
5819
6865
1257
3288
6091
2098
7123
63
7309
8617
37
8827
5011
2367
9150
9842
5891
6876
8586
3112
6852
1907
4793
5577
6894
7355
1890
4068
9716
1232
316
2939
7018
8407
8833
5090
6937
1511
979
7322
5308
7125
3648
5950
6836
6142
1024
4627
9506
5172
1302
8445
4298
1646
8591
5254
8608
3426
8003
9891
1115
1820
8031
4897
707
6701
7297
9674
2918
8760
4494
4537
6979
3318
7509
4145
6204
3857
4747
1143
7869
9469
9629
1767
9062
1865
8547
1243
9487
3841
5972
8329
1317
2319
622
6775
5888
974
4334
1252
3066
5717
8566
4546
6492
9848
5038
3164
1724
6709
165
6626
8426
5155
8902
6988
2887
1784
8027
3122
6350
8610
4792
1109
7104
7916
9729
9657
8294
9542
1535
4000
3646
7467
7128
3969
8505
2257
5077
2209
8221
8842
2690
6460
5755
5655
3972
4843
7629
3932
1725
8326
9389
580
691
9680
8925
5948
993
468
676
8528
7092
7343
5922
6610
9696
6472
9912
975
457
1923
9950
5478
7444
2404
4293
7683
4347
6036
1464
1770
4611
2983
610
9768
9319
1176
9070
2573
5335
2814
5845
29
356
7017
1998
2572
4049
1393
7011
5902
4246
5975
8150
4837
4084
3924
6340
2664
5959
2354
8130
3633
9924
1900
4521
7689
2513
184
5004
3569
2488
3921
1404
7641
6459
1614
1186
4337
7049
8344
2966
5428
3249
1943
4073
4185
8522
1693
5707
9775
206
5177
4070
6428
768
4658
2115
7001
7325
2623
2332
9337
5421
3145
6964
310
7100
1599
2671
25
5997
4750
9654
65
2133
3058
6495
277
5977
9979
8530
1571
4265
4752
2052
3790
8750
7933
8502
1262
1980
8802
7507
9990
9996
9535
6182
5209
5753
5450
5002
9040
7659
8191
1596
6973
2389
2621
2399
9224
3623
7855
6674
6191
8477
224
5171
8535
7804
547
80
2457
264
3949
2306
9560
7313
2394
5183
107
5862
1930
5347
6342
8181
4722
3826
7479
2455
5234
4255
5304
6935
8085
5529
6699
2309
7248
4885
7067
1524
9138
4219
2863
9969
7058
8693
1994
4175
9357
557
2956
225
1885
9276
5849
9221
1967
772
8413
6722
8089
4094
3342
4912
8444
5833
7712
3976
4076
4543
6366
5931
26
5479
6650
1727
1916
4712
4549
9454
9185
3130
8007
6511
5995
3308
3266
8950
3823
3708
5186
1092
9949
3910
9589
365
187
7906
7056
9369
9318
8517
2041
5691
8216
7345
9012
2171
9520
4598
6174
4732
7258
9678
6980
3363
4092
9386
1707
5611
8441
8866
4594
444
9513
4012
2318
6860
2963
2913
5439
3880
3680
9821
7026
5227
818
800
1966
5444
3596
2411
5566
4054
5040
4906
4097
4212
7540
3061
687
2168
9436
2849
2296
2443
5531
1122
9288
635
3544
9552
2293
9251
2497
8641
7452
4171
1190
3491
643
90
5488
7622
1053
5777
3071
2066
1498
9459
2311
452
1973
9412
9041
2980
6435
7843
7015
9611
2113
5030
318
895
1458
5054
8352
16
3611
7223
3657
1172
4836
4568
8638
9767
2718
4432
2818
7999
3020
8388
7043
6259
2791
4953
7962
8876
3032
6987
208
3063
87
634
6620
5693
6594
1391
27
7742
5484
260
4829
436
5021
3564
6223
4522
528
9238
609
4243
666
965
9602
5239
5460
2219
2142
6300
3878
1759
8805
1772
4974
3103
9099
6703
9098
8920
4764
5778
9171
2584
8080
2030
4187
149
2600
9493
1985
1493
2278
7959
1650
4295
5579
9761
6926
3970
4030
3013
7978
6187
7127
9233
7148
3401
2070
4100
8759
9554
4728
4258
7528
8526
8857
4470
1125
9112
1132
8068
5564
9317
8002
4300
8548
6666
1804
2518
3870
3842
4956
719
1657
5070
2060
9595
2541
2292
1327
2165
3549
6110
9315
8636
4013
4780
8819
5740
8658
305
99
3224
3598
7269
2281
6072
7088
759
8076
7389
9936
3313
3159
8023
8910
1917
1439
7534
6809
4366
5534
5662
2866
5490
4756
9660
5269
6274
6970
7725
8514
5417
3920
2424
919
8416
5005
7073
1321
8109
2458
9451
6896
6224
7719
2616
6194
608
4305
2129
1199
1479
359
267
3093
9240
7680
2395
4511
9131
4434
7010
6555
7069
3537
3381
8859
8689
3987
9605
5241
7142
9050
2413
7252
8691
7147
1832
9571
124
2558
2460
6050
2701
3373
142
2536
3988
3628
1173
6239
6285
9186
7695
1603
5989
6346
2942
544
7308
7690
2837
8533
8715
6002
6421
5639
4469
3
8006
4287
8471
9647
1379
9500
8452
6529
1861
2487
2975
5742
7989
4574
7559
3741
5240
2099
7724
9075
3003
1162
9027
4548
4781
6044
6584
4018
1197
7713
5496
440
3571
1094
59
2928
7765
4554
9814
4118
4641
3493
4665
3677
8230
884
4437
166
3917
9129
2778
3740
4189
6183
6607
5302
1648
9965
9270
2552
9903
2286
8011
8811
6297
725
3853
7786
5623
1375
7414
3641
2433
7960
2855
8764
4733
7875
3211
6587
7779
565
3225
2370
2672
13
8140
5619
9923
3048
1813
5994
536
2025
3718
7720
1231
6886
1466
731
5678
6426
4316
9364
559
6104
4336
4691
7083
2031
9253
5343
9718
8051
7483
8784
814
8676
9427
5330
3022
5827
6754
4930
1548
2844
8481
9188
9909
2820
2024
5457
7865
6172
5104
9401
9899
9326
969
426
3229
3523
3043
6487
1154
9096
7500
8345
9223
2426
9864
5036
9653
1906
2029
4949
2609
6423
4032
6291
2883
1816
2019
283
7937
8209
4247
6134
991
5086
5464
7373
957
1932
3786
8009
72
6034
8518
788
5102
685
9088
2747
7190
2402
3891
6141
8460
9628
38
7195
9067
3315
5148
2400
5786
1606
1792
119
1649
6919
2951
3331
346
7768
3496
1485
601
2335
7383
3483
3403
2228
2604
8475
4957
5033
8339
364
713
2642
4442
3800
7708
5270
1831
4439
6260
7982
7984
8893
3580
353
8880
980
3090
4128
3098
1403
1953
6338
195
150
956
9378
9973
1696
9777
3668
7549
7557
7775
1857
4614
6355
6385
7556
3201
787
3622
2717
463
8580
6924
7837
9827
7796
9432
109
4561
4696
6583
7379
1059
5181
3286
2084
6708
4248
7404
9365
46
4981
4952
828
5887
7505
7302
9307
9222
5889
7003
6755
9275
3269
4335
6574
8900
2415
9760
9068
5352
5474
859
1515
5047
7422
2624
5610
5653
5772
5871
8412
7949
55
9089
661
2243
3341
8549
5076
4461
6869
162
5606
4806
7032
6414
400
2422
2330
3410
6531
4932
2845
1927
9334
5264
6519
2304
387
7790
4661
7035
8001
6915
1651
2679
616
1030
8486
871
1777
3758
4414
6533
9727
9278
5059
5184
8240
1017
4108
9353
5519
4261
698
1086
2633
2007
9428
658
372
9776
3710
2805
9834
844
198
6369
4473
1527
6306
5230
9338
232
6955
1908
4601
8618
700
9311
9845
6200
7548
168
744
7203
9193
9208
9314
7178
2985
448
7185
6632
2941
6316
1096
8961
2008
3337
537
4485
710
98
6501
8337
2018
7649
7716
3470
5570
6691
5727
8141
9788
6092
9305
8168
1277
3377
9376
8869
9787
7231
6805
6015
7481
1333
2143
9339
3198
7940
6436
7604
3453
3009
4589
9719
3952
9287
519
1222
1459
5696
4199
3091
4771
9881
5876
3207
8389
2195
5286
4138
1572
4642
1296
6653
5065
3597
3715
7682
3953
8746
4631
2631
3408
2187
6228
7367
1398
1447
9123
2746
6833
9736
3028
9006
3635
1737
1026
3384
7552
5063
7610
3097
3659
7071
8063
6793
4607
8106
9998
2699
6603
3845
8411
1579
3242
587
7826
216
3435
9733
2716
8568
175
1119
6548
6287
6059
8338
3080
5078
3608
1387
575
7342
6977
6360
3896
4179
8911
2510
4075
7427
1949
9304
5113
483
6669
4520
8999
3642
6373
9984
798
6278
9360
3163
3973
6270
9943
4497
6862
1913
7339
5108
6799
5885
6043
2152
6117
6207
114
2247
9354
541
7873
6905
4886
3309
1766
8821
8316
9143
41
4238
7971
2598
8965
9156
5935
2238
9458
7034
3725
6742
8934
6047
8048
988
2877
6058
3345
5408
231
7413
6493
9897
496
1219
8485
9244
566
7278
6070
6700
2348
6475
4899
4427
5389
2322
4884
6076
3425
6822
8448
1589
9290
7744
5926
1182
8292
6907
6051
6396
1741
1089
592
8559
2410
1400
7728
2229
8682
4972
8520
1189
5899
7647
7170
9808
4327
3193
7428
3460
1227
3023
1716
5087
3312
8779
5751
4959
7727
5863
9803
8274
3794
3461
997
3344
4001
1562
28
4939
5987
7469
3349
5873
3944
245
293
1803
1051
5996
3836
3860
5306
863
465
6009
3325
8766
3570
4542
1575
9567
4080
7209
8959
35
5932
3176
3888
5801
9148
3915
5999
1471
6983
7103
2706
5276
7752
4788
2972
1939
6273
1098
3961
3049
9392
8612
4740
1228
8807
8466
8380
1126
8358
2933
4136
3146
1860
2582
1550
6005
36
901
4922
6974
6370
3264
7364
2177
4719
1823
3497
1157
1481
8097
1139
7596
4373
7957
7566
5915
4925
1080
9772
5110
85
3138
1236
586
7766
4586
9117
2021
9810
9274
7115
2574
6850
9601
4038
7935
5275
4490
6721
6614
1824
6679
5107
2657
8037
4577
2452
5864
5443
7494
5700
8398
2393
7363
6145
6647
4625
794
3660
1392
2
257
5669
2666
2050
9970
5568
913
8118
893
7853
3887
6279
8497
9892
5505
7685
1819
7063
5243
6994
1539
8468
6042
2707
8884
8680
4239
2835
2434
3238
8598
5729
8215
7527
3837
9266
2279
1341
8366
8503
8073
1214
8909
2848
7504
9840
6433
7232
1441
2634
6572
7575
3187
61
6858
5159
940
2164
5703
4436
5092
7679
1959
2550
3429
7352
7038
3436
2561
2903
8561
6358
1380
4693
8472
864
2798
5492
5012
338
6432
784
4456
1853
2988
9911
68
5436
599
1019
4823
2038
8371
2097
1477
1660
2925
7401
9239
3518
6234
3738
7513
5681
6675
8265
6713
1349
1867
5651
6401
5447
2498
2566
340
5677
6074
9812
5947
7171
5687
8276
8796
3516
6387
1822
1007
4985
3486
69
5939
1462
6244
4242
5761
9387
2493
1873
619
8479
4405
3935
6996
9263
4982
8212
9267
4920
6581
9980
1948
934
8758
5983
532
8787
1909
4273
4201
406
9237
8912
9046
6939
906
2122
4309
9721
4178
2811
501
5069
8726
7911
3561
2136
6411
4444
1785
5769
5512
4377
3199
5062
8391
3890
2446
2261
6129
5640
8354
2065
1989
508
5348
2876
9356
9064
5738
613
2955
952
644
5771
742
9745
5147
2748
3247
271
8701
6308
4610
6060
2599
4655
9313
8488
3499
1604
2258
3092
3440
4354
2055
1291
5603
5014
4317
1430
5627
8107
9497
2215
5992
9091
4271
9750
3675
3153
2517
4857
5510
7031
7516
7486
1710
9083
5156
1950
8653
9606
7878
5981
2594
7250
2290
437
9034
8987
3889
4807
8
7080
3620
9573
8936
321
3143
5808
1897
7005
4971
5797
8222
5882
1240
1365
1353
6003
223
6874
3714
6413
5334
8219
1025
205
7519
5507
3632
3180
4760
2388
9440
323
9512
3484
6301
8948
873
8200
7951
6258
1969
5045
1868
5957
9806
6890
964
4968
7740
8435
2722
2310
4571
4430
5049
941
7736
2998
8960
1090
3119
4630
2522
8074
5795
6463
2158
3434
6410
5046
5750
517
7759
5210
7893
314
8801
8163
9298
3807
6384
6870
5098
1362
3375
4954
2321
6016
8661
4390
31
973
7044
938
7002
6514
2210
1981
8540
4142
1504
552
7093
7135
2555
6525
8886
8205
8622
4235
7084
8786
9939
8534
1056
6867
5429
8507
5521
5918
3524
3215
6323
5665
9526
2447
1665
5257
3501
9822
3151
5917
6853
7262
989
3150
7378
8254
7584
3154
5971
9167
6246
7326
2255
6680
9530
9538
2501
7930
8515
4447
7206
764
511
4407
5803
4748
4923
4383
4411
2263
6039
6438
2379
1940
8848
9299
9283
4555
6348
3515
4689
7819
5504
7606
3882
7159
2559
9494
5115
5407
1990
6431
4393
325
6294
3118
8851
5140
5097
4495
429
7022
6292
2504
1448
14
5185
8823
4599
4455
2831
2753
1956
2336
4491
770
4126
7306
5535
9191
9122
2054
2242
6320
4227
7619
8332
1982
4660
6155
3966
9285
4279
4769
3806
5913
3248
5859
9407
2254
5001
7094
6280
9491
2011
3471
8018
9359
7543
8906
1021
368
8199
1774
3562
6290
8340
6840
9666
9515
127
2325
9621
9744
7757
2201
2788
2371
7958
9442
9000
1420
1730
6101
8830
9029
2430
9658
4418
4612
6845
7988
4976
6240
7081
1224
5555
9790
4079
7218
2630
66
7588
8951
629
7874
9372
1947
8271
424
6319
4652
7781
9586
1416
4529
3400
4632
1607
7471
9968
6106
5689
9165
8291
3838
203
8974
6631
3369
4530
7120
3795
9235
1570
1385
4448
2839
2530
5360
7029
9195
7493
1667
7614
3376
5764
1298
11
2490
6571
1470
6139
2110
7687
8415
6097
8932
5229
4200
7316
563
4804
2471
4893
6255
2075
8555
5100
680
2170
7570
9446
597
6791
1791
4041
2244
3742
4035
78
1888
966
7257
3389
3265
1354
3029
8401
4396
7589
7116
1790
7078
2639
816
918
8495
1015
6388
2641
1683
4918
5757
5741
516
839
7890
7972
5362
1797
2091
9467
3270
3114
6127
3547
3803
1566
9570
994
2713
1556
7212
4302
133
7426
5745
890
9770
4374
4859
8019
8768
5721
1134
8375
6271
4573
5190
8202
823
4731
640
5759
1735
2421
2737
6379
9709
8822
1952
2790
89
8084
5260
6114
1941
2444
2418
8298
5658
2957
9192
4617
2147
717
3394
2659
5137
2364
4047
1983
5592
7966
7981
6925
4355
5679
8288
1977
9859
1268
3234
9011
5381
821
4802
4820
2082
5167
2885
1605
3399
6107
5525
3409
5720
8774
3054
736
5963
9820
5688
6451
9157
5747
1496
6954
9901
2259
6959
5861
4744
5310
5324
1712
5806
2774
3866
7670
2106
7037
3854
4865
5969
7021
4604
3294
8640
2277
754
1611
3576
7357
1742
1088
4360
7261
371
7143
778
8453
242
6444
9225
9556
134
4039
638
7055
1968
8743
1680
8493
1617
824
9460
4119
3862
3778
3065
6256
589
248
4329
2519
56
4453
8224
7354
9711
2117
2649
7773
558
8728
5728
6656
5426
8241
7746
2468
9566
5058
804
1910
5736
196
6901
125
3355
8022
172
2127
3469
4671
1223
9804
6031
5026
8454
8926
3759
7151
1244
6052
2539
9097
520
9579
9769
8077
7542
4231
7299
6133
3128
9798
48
2793
8849
4283
5217
7415
1714
1783
7813
8967
3560
7585
2423
6330
7140
1022
362
0
6910
1654
5355
3262
3131
8905
3663
2051
3192
1594
1346
9031
8153
4791
9833
4368
3655
4210
8071
4883
3719
693
4847
7307
6400
3582
2665
775
1168
8377
9850
4666
2934
8584
1995
7758
488
2686
8885
8879
8194
5800
8976
4824
2067
9931
738
5029
8776
4163
9987
4720
4449
808
3552
8620
6696
5303
7052
3728
169
5294
238
5910
9519
2139
7618
8685
4471
7117
5032
4435
899
4209
574
9800
3083
8197
2618
5028
2337
3459
931
197
9254
2341
7376
4539
4240
3768
3509
7019
2869
4170
6179
4166
564
2017
2782
2625
9404
246
9955
1063
1361
8806
8587
7160
6591
1630
96
5329
3621
668
6846
1517
8026
5019
8791
9363
6637
1469
9095
1768
9301
185
229
4558
51
5394
5331
7885
417
5009
4389
2733
1259
5574
8052
7732
286
3863
2615
6470
5434
8624
5072
2702
2872
2730
2965
244
1600
3243
5050
6794
6119
8687
7734
2125
3046
6196
9942
3828
3636
9452
7668
1438
1788
7799
9078
7715
9204
1719
9531
5232
3194
4391
1415
4679
2899
1801
7490
7360
7653
733
4638
3703
6538
5503
971
8789
6033
2683
4896
2208
450
6559
9393
6711
8817
9367
5637
1871
8464
3485
4401
287
8994
9120
2397
2764
6403
9472
8562
3356
4518
4081
4028
2817
5664
3137
2912
4168
3688
7771
8813
279
7846
7371
8038
1779
2549
8642
8336
4127
3918
5163
5916
3670
6771
3587
6467
904
1111
6477
2217
6518
7157
7879
6690
1769
2882
7425
9079
1045
7392
3788
5462
4392
7351
2959
5739
8103
8049
7236
4962
8988
3155
9303
7391
2719
9641
4948
9575
9533
1534
3990
3411
1295
4057
6391
3188
8558
5265
8110
3442
5174
5131
1852
6606
7834
7175
5277
4734
8662
6130
9843
7061
7438
9783
6377
7824
8664
8629
5642
675
118
2545
97
7554
8573
8440
4810
525
7814
3050
4004
2095
3441
1250
4853
1691
1661
9045
7340
4277
8172
5401
8560
1628
8160
7393
6150
5542
9685
327
7888
3809
6733
2871
2828
9141
3082
9431
6898
4592
6168
3568
9930
1246
4964
960
5850
9910
8508
5055
1771
7473
5151
3010
7617
6677
6949
9049
5553
3694
6476
1095
679
4713
4785
1699
5242
9255
5835
3158
8105
8769
1093
7419
3539
8790
654
4251
309
42
3946
8510
255
4241
6038
4429
115
8719
6368
2494
8425
6264
2144
6206
1303
3957
6773
91
4705
4077
9035
4037
3607
9152
9054
2473
3217
9321
9749
4188
7936
3937
3343
3374
1016
3737
6785
6790
384
9016
1396
334
709
740
7806
7565
4086
8509
5886
6412
8630
3481
4815
1709
5432
8372
9217
8082
281
9780
6664
6247
2081
888
8206
9957
1581
6635
5193
2952
8778
8725
944
7684
2757
303
9020
9227
4517
3865
9247
769
819
7928
5211
9462
9699
2893
9373
4410
1011
3908
1500
4151
7162
8346
2575
430
4564
2268
642
8253
2507
5663
9944
2564
3591
9005
3116
825
4409
4924
3541
258
951
6786
243
8727
9322
7777
3736
7470
7445
6662
4833
7144
9914
1686
5615
1446
2114
1935
8167
7561
2556
1014
1658
5607
6739
2344
9961
2454
2858
4591
2157
2647
2824
7384
1525
292
2203
4724
3233
2930
9111
9019
4697
8868
2220
963
5843
6624
9946
8812
202
5782
4936
2481
7899
1221
5326
5041
6253
5774
130
9420
5966
5191
4888
4198
8772
6098
9060
1340
4475
1497
4951
4868
2185
128
8317
4659
7547
5153
9537
7963
3573
9740
47
2810
2403
2126
7149
1351
105
3183
6817
6505
5215
9633
2484
100
7718
3181
9594
6226
1152
3630
6520
1032
7605
3613
7611
8660
9178
2427
2340
4745
8419
1612
2865
5218
3414
8556
1794
817
4986
6109
9509
5373
5480
3267
8335
3018
5613
5438
4332
5616
8870
5624
1855
485
7023
3488
53
4927
4105
1945
9396
1672
6356
4010
6537
2120
9048
8102
1363
1453
5586
5906
9726
4803
6407
6692
8182
9047
6534
780
3006
5706
6982
1437
3664
3846
5453
1957
2895
2905
3182
1264
6313
7965
4344
7336
9825
5142
4590
8706
6671
5924
4866
3490
8992
7985
5482
6759
4534
5561
5268
8737
3532
9042
6309
6957
6054
7256
5813
5160
332
5532
4587
7753
3522
7767
9972
8174
6491
6903
4735
5067
9371
4849
3141
7643
8686
5702
8287
2499
9715
8550
2199
7366
8242
6283
8363
4308
2938
3438
182
6952
1288
4063
4211
9177
4993
8121
5762
8575
9665
2703
3273
4618
7953
433
3292
1563
5105
6774
6351
7465
7153
2064
2329
1406
5442
2758
4877
2014
1876
2906
5249
3905
2360
8090
1100
6863
5158
4133
5261
5044
3189
6589
7581
626
3550
1684
5830
2180
4341
233
9413
5250
9004
3335
5222
7564
297
943
2282
8451
5385
8901
3413
6189
2486
44
1062
383
1205
3637
6056
2467
7
1474
4257
9355
8259
6737
2039
7945
585
6984
9345
1047
2521
7303
877
1344
6618
8384
812
4350
1486
5622
9259
7449
5430
5628
9518
1703
1480
7952
3802
1347
5469
3729
3773
8280
4132
6474
4567
3739
7070
6969
8605
7624
6575
8252
1008
266
4089
7375
6035
2795
3297
8615
482
7501
8613
1103
2059
7818
6108
1369
9416
6055
7884
1336
2118
2381
4048
5298
8793
9591
8021
1652
9883
8236
8733
4103
3755
5705
8752
5874
598
8544
8044
6376
268
1778
2948
6017
6144
5828
6732
7872
2554
3922
2425
7751
8552
8519
7030
3336
6992
8890
4275
9443
841
1558
4143
2792
8357
4533
1003
1423
5984
2323
4361
2870
3616
8996
6176
446
8434
6770
1926
23
6900
3008
752
1626
9399
9855
7807
355
1432
6025
5870
5604
6796
7830
1984
604
1677
9504
9701
3405
5563
9158
3956
9468
4338
2797
8232
4876
8024
9362
705
9869
4412
8390
9081
6829
758
4144
1112
1129
2094
9419
2964
7087
1879
1608
3382
8820
274
3275
7122
9202
570
7370
5502
9173
9021
3084
7146
6199
2436
2104
670
5400
67
4101
2743
7980
6997
6065
3968
549
6456
4388
9655
3692
1902
655
4186
7405
3126
8418
9830
3190
4715
1642
7497
3797
7787
5766
9090
183
2063
9347
2464
6695
9779
2833
1326
8877
8133
9423
6112
304
9898
5418
129
4260
4714
2832
3206
5189
2886
6215
8941
5668
9902
8296
6354
1372
2401
5114
6180
6479
9145
4326
5558
6667
3938
1061
5245
1635
4960
669
7803
9007
9578
4729
5929
6243
7883
6257
4628
2613
7839
5516
5837
2103
390
2544
2857
5467
3067
9613
1872
9417
2779
2689
8985
7057
1395
2879
4245
4026
1489
8166
7291
1116
3964
2878
9210
6175
1267
6990
9199
9058
5652
6801
1996
8990
4894
2351
2538
9748
8000
8777
5376
317
7347
1723
2357
5413
9038
451
6932
5584
4818
5802
343
5659
688
7576
9975
1898
4913
782
1407
1249
7462
6242
8704
3850
8260
5799
1588
686
5506
1567
8269
7099
7361
6522
1468
2710
9008
6881
6510
6928
6640
6803
9009
7946
8293
1942
5056
936
7283
932
3829
4152
1217
5895
6195
7900
3161
7661
6857
4669
865
880
1121
8647
9672
6855
2859
3310
9264
3998
8314
2440
8655
1704
9786
6045
423
8203
1687
1921
9330
7293
5780
9563
4009
9631
2619
7783
3223
7111
1484
8312
5965
6745
3787
2169
2864
6272
1659
5255
8136
1644
7447
8732
4861
2723
8937
145
8632
4992
6800
476
6397
7658
540
1412
9474
9681
8815
3037
6719
3448
9878
1325
8742
3876
9937
5856
2350
8217
2045
5166
9203
2148
6146
3406
9668
3989
7841
9450
6497
9351
7341
4102
6024
6616
3117
9536
9627
5988
241
366
5767
191
6041
5817
867
8247
111
3455
1721
3808
2922
4066
1140
3840
5300
5425
6053
8132
8228
6545
7443
7168
79
2827
8210
4758
8690
3214
3766
1825
1837
1501
5238
1006
5626
2324
2010
1452
1247
2749
916
9166
2420
4130
3589
8034
395
1331
9306
531
5578
4114
2162
9663
1377
5075
484
3280
832
926
108
2160
8953
3474
9463
8648
2993
1443
9236
8588
5878
2823
4064
7358
1514
6154
5297
4384
3716
5903
6318
5278
3813
8995
6564
4264
8356
5719
5937
122
8571
8055
534
8176
4766
7068
4512
2978
5465
7662
4267
4328
9525
1044
7760
2308
7441
9292
6617
3466
5106
6780
9024
7334
1276
7993
8029
7059
156
8800
4676
1936
9172
7417
854
8717
6321
9375
3133
2862
2635
9584
8299
9503
5164
1322
8861
4635
2260
5091
4721
3030
1679
5509
1757
1209
3624
2595
1655
3418
6842
2532
204
235
653
5839
9445
8450
214
2638
3295
5256
8025
251
4875
7969
2267
6532
9853
1073
6843
4071
3594
8159
3367
5567
8741
8058
254
6198
4059
7607
1666
9403
1099
3756
8677
5345
5228
5857
9793
6425
8699
7776
7435
8816
2432
9539
6221
7239
2312
8108
727
460
1343
5337
6345
1177
7009
2785
4112
6524
8749
9438
9246
9433
6945
9565
1234
1184
1170
7616
6546
3173
1999
3221
6208
6441
9113
8147
9271
3404
9036
3261
6322
5340
2744
5208
2840
7750
74
4872
5195
5411
8164
9219
9265
9607
5701
498
3000
5314
7235
1937
9952
6006
8348
7754
5821
9289
9585
5273
851
9546
6683
1814
3873
2234
5993
5816
2770
9015
2551
2334
651
7133
4109
6434
7310
3626
2130
4463
1358
1536
2149
9119
6550
8841
1405
3370
2911
7603
5378
6595
8004
6777
2801
1621
3627
6891
5316
5789
3021
8189
7860
8862
3746
9065
1673
8385
5908
1292
8763
335
776
9809
5404
3909
8382
6725
7646
4808
8907
9406
9071
4147
1622
6214
6643
8637
7820
8033
2607
2637
7491
2650
8180
3322
8126
962
4330
4905
9084
1856
9184
8233
5985
9434
4621
3250
4515
2245
6161
9995
7973
2408
4667
3958
628
1386
9644
1065
1289
1763
712
6687
7848
4424
521
5718
2416
9464
7118
721
1632
2233
7233
6507
6167
703
6394
4343
5416
1954
9082
256
6164
9072
5154
2383
6956
6702
8798
8998
30
3011
9483
2973
660
763
7739
8096
5470
5103
2786
4394
3819
9642
8646
6686
9037
1620
1974
6788
7217
4197
6847
8359
9675
791
3815
699
7154
5713
3831
5784
1382
4931
8483
9348
8818
4538
9323
8381
3074
9118
3652
7665
5409
3884
7394
311
9414
7849
6443
9838
795
937
6613
6466
9248
7508
2145
6177
6335
8551
8521
4450
9026
6781
6694
7586
9697
2979
4024
7047
2022
6296
2265
2006
1564
5941
5051
3086
6710
2107
7304
3456
7778
6375
3619
7086
6079
7085
427
3338
7124
5223
5967
9093
1894
8470
1582
4813
7277
7709
2146
186
4970
7468
4339
6627
4510
8975
9646
958
9106
4268
1194
2587
7844
6089
9871
1256
7745
6859
5946
3467
9759
2884
1213
6341
805
7652
7472
3257
2989
5007
611
2482
3386
7705
8190
9368
1117
6446
3507
7914
1012
3649
4525
5809
6749
3364
7593
2058
2250
8008
412
9142
2076
4445
273
33
579
2668
4160
9517
1411
9352
193
2896
7730
4973
4263
7020
6660
8654
6986
4310
5912
5207
9870
1253
4695
827
2197
8218
8730
4998
5853
9424
9343
6779
3396
7917
7089
2875
774
474
3026
6218
6367
1591
2230
2405
5520
718
9836
9667
7411
6838
5763
4975
6927
6084
3634
3572
6600
1067
7694
5327
2100
8207
4180
1512
4583
1681
3059
9212
7474
1105
3654
9558
8456
2377
1975
4
3174
9916
4087
3253
7180
1374
6302
4830
5589
4483
8045
7944
2465
3079
1933
3698
6783
4557
7482
5858
6450
1807
3301
8595
9710
5397
5095
6325
8968
6372
8476
7152
4887
2326
8942
7096
3321
6178
9618
4244
8250
3974
3316
7387
3748
6569
1507
3506
6902
5471
3390
8915
2947
3514
891
7495
170
4834
4582
1414
4055
9929
7876
942
674
4125
7289
8703
9492
4908
6615
8944
4060
9742
5476
5367
9336
2153
7265
6963
3584
7583
3645
3647
8188
1884
3251
737
3060
4983
1293
4025
886
4477
1035
7666
3965
4153
6844
807
3271
8177
7756
7842
2834
8755
3088
5473
7184
5593
8663
9453
8810
976
3160
5135
8659
6950
3300
3078
2316
5244
8567
8162
8328
7418
9480
8966
5280
4673
5459
2763
1179
8916
9243
9139
432
1402
3102
7186
8761
3825
6138
8634
7948
848
591
9846
4727
4504
2305
9867
8014
2999
5791
8775
882
358
1046
7887
420
4995
7696
543
2372
7827
3555
3877
8278
8572
8537
2891
7273
3912
7199
7014
4878
3754
8374
6162
3799
1516
6736
7007
6062
8657
6758
121
5402
5236
3285
2328
5024
6254
8716
5112
6778
4672
4331
6527
2090
6728
3358
5866
6580
373
6448
9576
5699
6026
2035
6940
6897
4514
7785
5016
5546
8436
6621
6000
6480
1720
5366
2214
3106
3701
5591
9962
9771
983
1561
9308
741
3304
6276
607
6884
6160
3256
9391
3697
8208
3333
4544
8478
9055
714
472
5545
1520
1465
2775
947
1342
2626
5197
1595
6576
1238
4502
7130
6422
4205
702
3757
1192
9479
3980
6386
7139
2186
4563
2042
5101
2731
7440
2331
8300
1584
9189
5698
2474
4718
5393
5590
9400
1255
8698
3125
2172
7621
621
1004
6757
1310
2842
1431
7196
4408
7551
8604
8465
664
9824
6792
7221
6738
9277
9063
3212
449
2760
9643
9895
4726
4474
1858
2525
4562
7862
1204
9085
567
4348
207
2977
5631
4215
4378
1408
4107
397
7631
6936
6943
4150
1309
7650
5043
8091
8053
8013
6473
6251
7312
887
3142
360
7079
5517
404
2224
7502
9127
8165
4848
6153
4944
445
2741
5743
7772
7457
2406
6277
3606
4303
3420
7770
2836
1120
5765
1756
7541
5477
6619
389
2385
101
4441
5548
5829
8289
2653
3305
6361
4304
3398
398
8724
929
9734
803
6636
4139
8767
1160
2670
77
9797
8943
6378
7503
3287
6235
8731
4772
8402
6030
4742
6190
2358
2048
45
1840
5141
3121
5661
551
4111
8652
9574
212
8594
3875
4135
9441
7747
8623
4256
5380
3881
4217
8712
4702
9890
1158
8446
8246
5974
5472
473
2382
5374
3610
9600
6237
9634
4226
1216
1731
3653
2914
9988
5061
324
3328
1760
9146
6486
2762
6965
7637
7782
577
732
4362
6173
4707
5645
9374
5722
9383
8421
3446
8499
1229
9662
2907
5206
5560
7897
1805
2553
5221
6560
163
4997
6764
3858
1010
6357
9163
9057
3704
1962
8387
9635
6219
8683
8123
7568
2851
3203
2004
924
7809
2435
8169
2349
3556
3105
180
3340
6563
6022
9597
1624
9508
5955
4237
3640
8386
6113
5350
5266
8396
1568
8882
2284
4958
7254
8554
2806
282
2353
4736
7673
1746
1169
1849
8734
6971
4192
9819
4681
3365
4704
5848
9444
4765
3476
7292
9640
7270
5905
4005
8700
4367
3923
5271
5287
4560
7645
7163
5565
2347
7331
4605
7046
5293
6947
9094
1254
1071
8668
9252
4873
1863
3682
4222
1055
435
7182
8067
5716
3832
4194
7119
1893
8983
9214
2345
1434
4770
7913
6909
9737
7179
8178
2202
2571
9669
7121
1633
7674
9415
8872
4779
7455
5089
1052
9018
2223
5943
4116
5258
649
1417
695
3228
2112
2508
7562
7919
9170
2890
5109
1700
5037
9866
7062
8302
9066
4104
6871
9561
1070
9839
2315
8117
7301
2514
9835
3232
5744
2602
5435
4476
6526
3669
5146
8545
7964
6598
6157
5998
1142
5540
3743
2111
415
7267
1323
3574
126
5511
2363
1602
428
8649
8765
5842
6061
9205
9421
5391
3320
2472
2916
7416
367
928
7173
2617
7996
1460
1457
6602
7398
1251
7895
7000
6506
144
6500
7697
8563
5248
8888
4519
8308
5869
1472
6328
4686
5982
1383
3200
6343
4085
1616
5860
2124
3617
12
6914
720
4623
2620
8762
8871
3672
4462
5595
3527
7141
2226
3683
9256
7780
3235
8645
230
6622
7898
4459
4323
3907
4324
8482
7349
7028
9876
3040
9722
9583
7892
5594
3152
5770
8895
3733
8369
9516
833
7558
8954
2448
7626
5312
1547
6825
8131
6484
8075
7344
2461
9953
2288
9133
4156
6837
3175
329
4649
9382
8918
2981
6944
3702
1314
7229
6171
1373
6007
4796
344
7797
7288
3986
8513
1776
1960
3323
7835
7721
2592
4379
7743
9104
1454
6756
7317
9074
2386
3361
1905
5422
7385
6225
2089
7815
1495
3064
8443
5644
2944
5420
3113
4680
1662
8751
7431
5119
3239
7225
2910
2275
3327
920
4314
8794
6645
8432
4698
9312
8940
6586
6331
3445
9707
7678
6542
506
5901
3658
7362
8626
7522
874
3259
632
6282
3307
3391
9226
840
4753
9408
4526
4040
4319
275
2894
2483
4516
3395
850
4372
4352
159
2915
2557
3615
4206
2407
2437
697
1290
6536
5233
2492
2453
4668
4903
7533
1085
3087
2734
689
9723
4835
734
7608
6488
5715
9945
2313
4020
399
7990
1490
1531
4270
425
9121
5961
2660
1450
4943
1174
9906
7663
2270
1042
9862
479
8933
7281
2002
3505
2846
5094
475
6877
4098
3629
6353
4911
1623
8710
9475
4375
6083
3784
351
7275
247
3033
8277
853
4493
75
4467
2161
1542
3427
3585
8362
3926
8124
6430
4014
9092
1802
3057
227
2868
4289
8736
9109
4262
4863
8978
2449
4889
4478
5612
8306
7591
3599
6834
7628
5549
2767
9829
62
6946
4674
5892
7831
2417
3943
3625
3732
9260
4465
9405
6608
3579
5344
6543
2841
9115
1114
5978
7811
992
2176
8570
8838
7660
2320
164
8489
9698
270
499
8797
5475
4578
7487
8325
5883
6347
4977
1200
1537
5498
2361
3753
1381
9344
4581
4585
6213
4340
3895
6245
3306
6449
1991
3348
200
4647
6478
3432
407
4259
898
3731
7350
6461
8589
1886
8368
860
7448
3326
3769
6439
6649
70
5820
3684
5894
5962
8529
6807
2936
5638
9802
7737
9230
3070
6149
1337
1156
5237
3016
1637
9882
6305
9329
5667
6185
3666
7406
4505
2935
5313
5375
4675
9425
32
6665
1912
8846
5559
3534
7126
7506
7183
6866
4751
6744
6068
9832
9291
7136
3744
4400
1889
9100
1397
8351
2807
4501
3521
7412
8066
8439
5398
1279
3517
6406
1002
9293
7517
5466
8318
6821
1685
1418
2012
477
9691
5358
6504
5281
4191
8195
4910
2692
1557
9959
4249
3827
9720
6681
1106
9656
6481
3820
2601
4989
6102
7904
5787
8257
4196
5288
9639
9320
8707
1987
7939
4072
3720
3504
581
7573
1509
8770
2189
2697
3443
9017
2527
9524
1817
6648
3650
9938
7545
6885
5363
4613
6193
6307
3928
4297
7008
9837
6349
9056
4639
3981
1153
1904
4622
9831
2192
500
4382
6612
470
9502
1744
2874
3883
2156
3027
4290
3665
9014
1866
24
6122
1318
4208
2248
4398
5968
2953
8104
416
5068
1110
4106
514
6457
137
4286
7327
3934
2359
1915
6712
2438
3172
8129
9528
1656
1592
4403
6767
136
5296
7202
3101
9828
7337
2135
5018
3202
6409
3075
7272
1986
8809
6727
3111
1522
4216
2369
5383
2235
6597
9624
1979
3750
2678
6398
3089
1211
431
2108
1426
4069
3439
2442
7511
968
5812
1202
2897
7703
4851
7861
9649
81
6252
478
7201
2745
5485
7458
4879
5543
1133
2026
2923
3985
2610
2294
967
4800
3762
9982
1529
6517
1201
2256
8928
6399
9455
6201
453
5618
1705
1161
405
1880
3487
5986
9116
2881
3789
381
4110
7942
4457
878
1848
4799
6953
8078
9694
5608
4452
1083
1429
7642
8196
3368
3844
7274
9426
9868
5936
5081
2272
8600
3971
2853
5263
8428
6094
1068
6639
3177
3276
1283
8945
8467
8059
1717
872
701
6561
3296
5253
750
1378
647
8565
9934
8028
307
8101
4395
3283
879
5927
4422
8272
5597
2565
3166
4588
5675
8839
419
1191
3689
4288
1925
4576
650
7489
1896
9211
6601
8576
4421
7634
7794
1258
4624
2783
3520
1971
9435
5868
1330
1638
905
8012
2900
3500
1421
6854
2614
5536
3722
337
8320
2867
6888
9976
4488
5758
2612
5524
6099
4688
220
4645
2080
5074
8981
5629
4684
5557
408
8913
2576
3727
7187
4220
1786
4978
1376
7669
4921
9370
6972
8592
2072
3543
7439
9805
6324
972
6753
5449
8179
9340
6085
8323
1091
5289
3480
4158
1427
4663
6958
1273
2509
6069
912
633
396
1263
2721
6057
9281
6747
8032
8672
8041
2207
2469
7268
6464
1151
2343
892
4369
7050
6899
9981
8081
3170
7986
4124
987
6908
9273
5295
1456
7791
1830
8853
4487
6810
9544
6861
4433
5714
5522
5911
3955
2794
2003
5267
6020
6942
9366
1748
219
7639
1765
1183
4029
5213
2830
5569
8264
582
630
3157
3751
9568
2577
6040
4095
6841
7177
8633
8577
3073
4531
1532
8175
3931
1492
2629
7075
376
3240
1706
8173
4934
6558
6651
3148
7295
6828
9077
7189
7845
7810
8094
9762
4786
9002
2603
9856
7580
3473
1747
8134
6873
6011
5900
8656
2796
1931
3540
1841
294
8993
106
1574
8100
834
8863
8621
151
7399
9151
3014
6408
4524
1136
6938
2728
1955
7228
1367
9858
6393
7216
7241
6170
3392
5359
3227
2673
5319
1715
8046
3230
3017
6934
2677
386
8115
9863
215
6798
900
6552
7836
385
8406
4183
1473
1410
3085
9999
141
2023
1615
7065
8512
7510
5377
1928
1593
8225
3861
6547
978
2655
4088
3482
6293
624
7822
1847
3939
7544
6046
5779
8619
7402
5934
7072
6418
5003
3775
6641
1844
6762
7574
1639
605
4113
9325
1066
3781
3329
6554
3925
5930
7817
4935
9132
5724
1284
4898
3123
5042
2987
5368
6454
5405
7761
4399
7955
843
5399
4074
4159
4692
6229
646
361
915
7920
5685
8393
7789
789
5445
595
5361
2374
1128
3575
8473
4090
3366
8984
6248
8251
9880
5139
9784
8400
1475
4743
9706
7285
6593
4839
6592
3464
1081
4446
2777
2419
3025
6298
2596
953
7296
820
8427
1965
6156
673
716
1851
103
6111
1478
3849
3081
5732
3120
771
530
9103
5970
9557
5356
3056
2656
8433
8350
5539
5307
9712
513
5776
6462
1445
3774
3699
6630
6
9385
9664
2704
7521
6599
2712
8285
1729
9051
7800
5746
3478
1245
378
2526
1069
1203
7977
8921
6188
5636
9073
8305
2950
6029
1307
5143
4580
6746
4155
5323
1835
6498
8904
5625
748
4167
3830
8469
1020
8088
1334
7137
3835
6995
9941
8986
2705
1324
4907
2191
3804
6893
7109
3901
3693
2529
2902
903
3457
6416
3216
3416
2470
6629
5723
6889
6832
5547
2917
9974
8342
8627
7436
696
4406
4856
984
4795
1583
7601
9679
7905
2291
6887
5008
7338
684
3864
2020
9766
5336
8072
7132
3526
3590
4479
6163
5826
546
856
9250
8747
5683
6566
1828
7150
5468
7686
9201
8157
3614
9551
3902
10
1697
6261
3533
7421
9114
7129
3388
5219
8582
9411
3513
4464
4606
1796
7242
996
3542
4763
7726
6815
1530
6966
4115
5116
9705
5643
3196
4950
2068
2429
7553
5403
5451
1306
7060
1545
637
3231
1260
5832
5523
8143
2027
747
9282
3763
1077
2409
8957
6720
7868
1653
4749
8785
3639
5493
4778
8492
490
7638
9854
2698
2769
4008
5634
6941
6989
8969
5179
2439
3397
3314
6705
2681
422
1048
8156
4312
495
7048
1521
237
2028
2669
3210
1958
3886
5649
7524
2102
6772
3109
5841
6883
1163
354
1155
5596
1643
5919
2200
1274
2134
7167
6659
2648
2037
3671
7131
671
8187
3492
2163
6693
8321
5635
9774
4458
7714
6726
3423
6192
6912
1809
6864
7908
6820
1826
5907
2654
4768
7259
9200
6824
7833
3094
7328
2990
1862
5580
5328
9108
2945
7681
8697
8327
5489
1286
5370
5879
2889
729
3062
57
289
9626
6981
9231
110
3108
5964
5834
8814
7632
8057
8491
8430
3219
6685
9932
9486
9395
7451
199
6960
4817
95
4737
3592
5220
9610
4961
6827
4595
5180
9617
4811
5538
9511
5305
7677
2787
249
4364
8850
7390
5128
2986
7459
1282
8744
3495
2524
5920
8116
5198
2274
9873
6429
4003
8891
8593
2608
3226
7704
9295
7910
4656
3274
2155
1394
7420
9687
1585
5921
3631
6212
21
7563
6263
5877
6998
2804
6985
2976
4827
3371
1350
2700
9947
8331
8263
3204
8151
5673
5341
4826
2150
1528
9713
5342
7287
7434
4019
7894
5410
8099
3387
8310
6961
1368
2175
2714
9409
4301
2206
5354
2480
8740
5731
1850
5501
3747
8119
5851
5709
8429
4874
179
7530
2295
3593
5085
797
2047
4306
6826
9590
7045
815
5695
285
9297
3609
9216
3792
2218
5956
2535
3519
7889
5196
9003
2262
9971
5216
7164
3454
5379
8279
278
466
8931
8064
6644
8670
8688
2285
469
1037
4443
9280
523
9555
6402
9778
2071
2992
4609
7991
6238
5440
3195
5121
9207
1641
777
276
7816
322
1671
2581
210
4425
4499
347
826
8962
5537
889
2092
7769
9268
773
4122
946
1123
1049
8322
6590
3347
6010
1508
5944
3772
3812
259
5064
7947
9879
7864
209
2512
1664
8459
1711
9997
3977
6578
2854
2901
92
5893
3431
620
1084
6132
9262
6063
5290
9572
9632
7925
9489
1569
7968
7918
113
5794
3502
7244
6075
5544
6165
8404
7983
5513
8114
7882
382
9398
1494
5259
1433
6415
4034
1899
1726
2826
7676
3184
3110
218
2547
6604
5132
1859
9215
8713
5973
8756
5299
1297
3979
8273
4318
3104
6205
7929
6811
8935
9818
8795
767
4149
8449
189
120
7324
6706
6427
1818
4699
2919
3422
5533
6642
9488
5928
88
7523
6743
1549
3279
4176
1352
1678
320
4017
3045
1281
9652
8498
4416
2771
3674
5437
4775
5515
2116
6090
1502
6839
3311
3209
3035
8679
1538
9743
9198
7698
7194
1339
876
3706
5979
9688
948
2861
7004
7247
6404
1551
7255
3529
7210
9816
9620
4229
3548
6304
4134
7672
8856
1793
835
4819
9335
5807
3205
4654
5427
1301
1764
350
4941
4489
7016
9478
4687
9410
7912
3535
4033
2799
6765
7821
6105
3019
5585
9087
9684
9702
2212
9346
155
3042
6496
925
5433
9747
648
3149
1647
8462
5852
5725
8487
4129
3690
7592
2412
9
5441
9249
4065
3929
623
790
8887
4043
2520
8303
5804
8674
1722
2183
2356
2715
8792
2040
3007
555
2366
6724
7967
6752
9823
6126
6652
4096
4496
4165
8832
524
3834
4404
6281
4141
5641
2283
8152
4825
1467
194
2016
5711
2276
9022
7321
5000
3604
6729
4157
494
6143
7064
3745
1505
157
8628
7437
7620
7197
503
3162
1359
4044
1883
4506
4252
1270
5748
82
1689
4357
9358
3839
4177
7710
6879
9245
5252
7095
7222
388
7388
9179
3892
6095
4947
5120
1946
3717
3900
6730
5660
1838
3954
4415
5414
8098
9792
7311
9811
313
3679
690
1963
9159
6265
5942
4633
8065
6284
7484
3821
7538
6763
7805
5671
8799
9636
83
2205
5552
7066
4615
6267
4651
9860
8423
9619
7707
1845
9134
1235
8220
5338
2627
7764
1483
2773
1013
5129
1920
4946
9481
6549
5130
1806
6638
1145
5455
2589
641
4850
5818
8286
3793
2809
6222
3360
9963
2101
6203
2246
8301
9550
4046
3379
2693
9927
3218
8042
20
9124
538
8397
2253
2856
4213
5676
3927
9153
2280
5282
4926
8135
9746
135
2505
694
711
4608
4083
7735
3796
8370
2227
5976
5621
3332
2368
4022
2813
6327
7693
7105
7475
8043
1001
1131
8952
5497
4387
7243
6556
706
6541
6458
7403
9738
9758
8186
7902
8865
6352
9388
6437
4761
9182
4556
1226
9218
5093
5073
7156
2000
6539
4892
439
8341
7915
8585
6948
393
5734
6417
6697
2159
3686
3352
6381
5500
8324
2043
7314
2772
4919
8229
9180
160
2239
8525
6585
5023
9731
131
829
761
3475
5458
6013
9229
3565
6209
1305
5783
1775
7623
7074
7701
6018
1033
1166
9025
6469
138
4937
3914
8599
3681
467
8394
9102
7191
837
5587
4636
1488
2044
6227
822
5284
6137
6731
1554
4629
1675
4855
855
881
8783
7644
7995
9817
9547
4979
9637
4678
5178
5730
7033
7729
5052
3869
3127
7488
3782
1761
7792
4662
6337
3055
7464
2387
7755
7025
896
4862
7245
252
8696
3282
4466
1212
2735
5708
84
6707
7409
9061
4333
522
7880
5463
9588
875
7854
8144
3096
8255
1312
2611
9001
2821
8061
3662
9670
897
5923
9466
1329
8409
6678
3942
4172
2711
9331
4296
4963
2506
4276
8192
8281
5601
3824
5556
6573
2140
9043
779
6233
4381
2991
2815
3208
4701
3004
4342
7102
8536
2892
6717
7992
8964
548
7424
9532
8781
5583
1610
894
2644
7395
1220
4315
2241
3911
9559
6093
708
8669
3695
2053
2812
6071
3044
950
5169
140
1167
5855
7871
6714
9614
1371
6336
756
6115
9439
8201
9023
1702
1869
2860
8666
8596
7812
7320
8837
3777
4492
2001
54
6582
414
2646
7938
3960
4738
1428
4376
1181
4082
9155
6371
6672
505
6442
5752
5600
3012
8347
5235
2141
792
71
9549
6567
1036
8092
296
2231
2463
3940
5990
639
6802
2303
4061
7204
4553
6019
5415
9703
1503
8267
1875
593
1187
9187
3383
5027
4805
6917
7829
2495
4646
5909
1576
7286
7172
594
1265
3255
5617
339
5318
781
1751
5896
1248
8695
796
3359
615
4700
1300
4845
8248
5823
171
6120
284
9461
2515
8843
9137
3272
2759
8500
2937
2137
298
5704
1
730
3450
8997
5396
3069
8896
2249
2355
4498
1839
7741
5231
7138
4532
9763
4854
5495
6611
2380
2803
6921
4528
9490
1357
3317
1299
5006
2780
8360
6447
2997
7460
4634
9754
9857
319
5494
6787
7579
4284
3847
9650
6483
299
1997
7867
8804
9162
5844
7598
369
93
1929
2586
2459
6374
173
447
4058
9332
7039
3791
8847
9209
1482
3244
8614
6250
7193
1573
612
1613
4759
8684
2451
7260
2181
8643
8424
2190
3554
2151
949
4214
9194
4221
6081
6818
409
4915
7664
5301
8720
9751
6452
6718
9994
2365
6646
6911
2781
7407
5082
5880
1934
6310
3334
8606
4278
7998
8408
8718
3586
4228
2534
8054
1782
1970
442
3696
2346
1113
9598
1409
7863
4363
5292
2924
6704
5387
3721
8227
2074
4969
5581
8947
471
9686
1164
2640
5602
986
1018
5369
4218
9893
4901
954
5020
8245
8949
3538
672
3001
2622
7970
7374
4938
4322
535
1669
1543
6676
7700
999
6128
3468
5904
9609
9473
7838
6670
8405
7582
9581
858
9861
9125
302
5712
7166
3354
1580
735
3678
5013
571
123
8524
1842
52
9076
9529
1533
9465
4708
2338
6633
704
7903
1738
3947
9587
1171
4468
933
6628
8708
939
50
7188
2314
5057
3171
5226
8903
3605
4291
1634
3724
2738
5614
7145
234
1196
8128
5117
7271
7485
1487
1338
2057
8226
4236
3489
7036
8908
723
4484
7537
9724
3707
4832
1150
3424
116
9342
9885
1811
3353
2822
7101
4822
3077
7224
1335
556
132
7926
228
3578
8982
1455
1101
7630
9380
2720
2751
3498
8138
5214
5697
2562
7335
1758
9279
7602
1180
178
765
1356
5371
4955
8155
5647
602
3687
545
6116
363
1233
3135
9874
656
6087
8437
9553
811
7577
5550
8930
1903
9616
167
4776
3967
3053
6751
5952
4767
2726
4195
3038
201
8631
8262
2563
3302
2680
7238
583
8414
3885
2847
190
2537
9160
6776
5034
7877
2049
2154
3691
9907
5491
9683
6823
8527
3785
504
813
2765
5279
7372
2477
9773
9886
6359
9673
4881
7531
3278
7466
3843
1144
3357
8874
4626
1870
885
550
4706
3810
6295
1040
6286
3147
8692
3039
5025
7410
5111
6856
8771
3186
4821
7380
4550
9470
3643
5571
8016
8258
4148
1789
5194
8651
3848
7333
6565
4161
5202
7165
6471
4164
1988
7907
1972
6339
3477
866
1882
5648
3656
9623
2567
7595
2384
1005
8480
7922
1332
7571
2909
9677
3712
8496
4677
8714
4006
7597
5684
4650
481
584
6819
1064
5080
7801
8373
7012
5365
7539
6931
6570
6499
4078
5419
5031
2931
5953
5317
1000
3595
6922
3612
7832
1864
955
4023
8111
2431
9522
6395
6032
461
4870
3601
2661
9044
4266
4234
6851
4637
8829
7284
1034
8161
1038
377
6906
8379
5980
6231
3581
1107
6849
8675
6951
39
6151
9495
5680
7587
4162
6816
3950
1733
4988
3904
9708
6920
6904
8504
7323
7294
4011
4891
7429
6096
1108
6835
1619
6152
3254
7723
6014
5881
9592
6211
9791
3139
2739
7691
9676
8603
3430
4007
9169
681
7927
8395
3644
9755
3168
9130
1050
4797
8062
1829
9176
4321
9161
6892
9630
7330
5710
553
5454
4867
3167
8490
374
6872
7463
7633
7290
3916
5357
391
8244
6197
5134
2632
8313
3941
2768
4547
1555
2179
8956
8989
5768
9933
4371
6562
6288
1287
331
5541
1795
7432
4482
8158
174
2908
7974
8319
526
7276
8753
1315
5582
8086
8511
5088
2694
2943
5656
3676
1541
7578
6312
7442
3169
146
4358
5212
9985
4940
4831
5285
4579
300
3798
1463
743
2825
3298
4984
9269
3936
3252
2167
667
3510
4917
3346
9449
4207
1097
3566
2132
8754
3711
7207
7027
2968
9887
6184
9918
662
7901
995
6424
4683
1676
6830
645
2475
8694
760
5
2742
8237
1185
4413
1690
6012
8590
342
3245
1901
6918
4486
783
2578
2761
5392
8095
2503
8447
4902
1540
6066
4140
9651
2606
4783
7251
2441
9599
7263
7246
512
239
7040
5694
8875
7667
6991
3906
2069
9884
5136
3893
2926
5125
459
3994
5562
9086
6875
3563
9865
1087
3034
158
1401
2568
7625
2500
6001
8035
5933
7532
2516
7382
1239
9917
4929
3700
58
8867
3749
2755
8569
4426
9757
9377
6682
4694
7076
588
8417
8113
8803
3277
5609
8295
8039
1148
7240
1740
9582
7590
3281
861
4784
86
5737
1629
657
2949
6623
8403
3512
3099
1165
4232
6967
7249
5203
529
5796
868
7433
3290
4828
2077
5048
8455
7881
2327
6217
6654
7997
7024
2533
7305
3293
3299
1348
4120
7318
4121
6131
3991
2597
7840
4882
7220
4814
3213
753
4099
1060
1366
2450
7924
3661
2579
6503
7158
8083
5225
7253
9815
4269
217
6275
1780
3528
3992
9397
1308
1911
5572
1054
568
3770
4730
8069
8243
5527
9476
7514
7369
8261
806
5150
8929
392
6364
7408
8122
1695
5487
434
9603
7215
3602
2628
1451
4472
4345
8977
4021
2588
6088
870
379
7377
998
8564
1565
802
9144
4653
263
8738
3805
9569
8484
8211
4842
438
2776
3260
7858
2128
606
7615
5364
1631
1519
9324
7599
7987
8333
4351
152
3428
1104
2138
9753
799
2378
5938
2216
9232
4325
5311
4575
7808
9671
3577
9501
2709
4909
6269
9154
5666
4402
4869
6625
188
3178
2273
8946
6551
6544
2062
9126
7477
4572
6262
462
8825
9286
3303
4428
4990
6813
7856
2570
2663
1278
8722
2174
1311
1938
3673
454
1210
8601
4725
1518
4565
5805
2961
6993
9302
8917
6596
1159
8748
1881
3407
5632
357
4916
7979
261
2605
4036
7699
578
8010
4987
5760
7446
8120
5588
518
5133
6831
914
5945
9728
4282
3236
5412
3933
1364
6465
9730
9841
9894
2087
9922
569
9896
487
2213
9935
3735
6362
7298
2789
2204
2428
4593
3903
8087
3816
8283
1272
5811
1552
665
4787
4569
7635
510
3531
5499
6064
1674
1874
6716
3076
3100
9940
8015
7090
2674
5372
4292
2995
6135
1739
1435
7492
3005
2651
6383
1878
4250
9545
8991
9543
1682
726
5775
213
5118
4559
3047
9381
9505
1736
486
330
5867
7134
5814
3855
2375
3385
6769
153
909
4762
5898
830
1436
8667
5925
7774
1877
2927
8574
862
8367
4690
9447
2479
3553
1668
4370
8307
6916
4385
5017
403
3462
4619
3851
8972
1149
3983
3709
5015
6750
8378
2271
7976
8040
2119
9541
9430
2240
1319
7847
4253
9032
3760
8878
4233
9429
2531
9596
176
2725
2046
1425
3051
3380
7169
3451
831
1922
4858
930
9418
6100
572
7932
7802
7525
3191
9638
4545
8625
1442
326
5083
5672
755
7934
9242
2300
5958
22
883
2462
8149
6073
809
631
9956
2898
7609
2583
3156
6523
6784
6808
8840
6814
4965
2096
4703
7763
5630
5840
6848
301
9781
5224
9852
7722
5246
2540
3723
2695
8543
8557
4739
5144
3618
9296
8597
4307
352
6329
1237
7346
5554
8955
1749
4871
2754
1843
6303
3415
7499
4603
8383
139
9967
1891
7227
9521
1124
3638
7219
4031
4801
8855
3124
3567
1510
2211
7282
1627
7450
2196
5865
6516
4190
9181
1242
9484
9928
1887
1057
3872
1399
3140
312
7828
1207
2590
4846
3588
6159
9661
3402
4999
5733
4204
9919
7857
1370
5991
6485
9921
6311
8845
480
838
269
6521
4349
2456
1419
7536
8079
3362
4670
2109
3350
573
5035
3818
6741
8828
5349
9448
869
7954
9457
6999
849
785
3761
7348
9136
5692
4536
9978
3546
8330
3919
6530
4480
8609
4643
7823
8235
8275
3948
3801
17
8745
6513
9059
8457
5448
4566
7896
2850
4657
5872
8971
4602
3811
43
9875
6123
3179
836
7051
5247
4967
4777
9580
3780
3222
9437
5650
5854
7702
2684
8873
1645
746
7923
5322
7496
5620
8602
7788
6317
3241
1523
1586
1598
5022
9234
3291
1178
515
9799
265
7356
7082
7706
3419
2523
603
9966
5781
2636
728
3324
1275
2662
8539
6004
3975
9540
9140
7931
9147
2396
2391
8494
4131
2466
4933
8773
692
3372
8399
9964
9527
8268
1713
6268
4203
7461
9926
9261
1919
8311
380
221
502
9717
6812
4002
7613
4045
341
5599
4966
3417
9174
4417
1422
4711
1560
2904
6140
6568
410
6553
4431
7748
3963
8334
8364
786
5149
1261
1491
2085
76
6782
2675
1978
7870
4272
3536
6405
4353
8050
2940
5315
7480
2297
9622
489
8431
9752
5039
5735
8030
8060
3771
5126
6389
2299
8546
542
5431
1072
5528
2970
8355
1834
2194
3165
6148
8148
8757
9693
9645
5756
2289
3651
2093
5726
8739
2105
4596
2800
4816
4507
3412
8139
1732
5053
4500
73
375
7886
8376
4225
8249
576
2496
1625
6668
4584
2984
7793
1734
2287
1198
1553
5836
2960
148
1082
2732
7110
6249
2687
7975
4062
935
4051
9033
4527
3779
9327
4790
9069
7098
3433
6528
959
8898
4294
8616
1355
4860
3734
1924
1118
288
8056
9498
9764
3263
1230
4169
8170
2036
1708
6468
5514
8924
5838
464
1141
4890
3978
315
1754
2982
3472
8788
240
7648
5654
4230
1389
8125
154
8171
6557
9992
9735
9813
6314
2511
5161
6540
927
4991
2173
663
2485
7731
614
2696
6663
9807
507
5339
4723
9991
3603
9485
8923
5291
4423
5822
3024
9197
60
2390
3962
2729
3503
4281
7498
1384
4773
9241
4980
6023
2585
6609
2691
3879
7956
1138
5199
7205
94
1827
6494
5200
441
6363
4184
6734
9739
2013
6806
4182
2932
2974
4900
1701
846
5897
2750
9052
3107
4942
5452
1304
1316
5423
3129
7181
3767
2560
7738
5670
6166
1328
3068
345
5598
8852
5124
8705
4755
5099
8137
3508
2724
562
3268
2489
3339
4440
4682
8963
1728
3185
3945
5461
3997
3479
3685
8127
6913
2946
8854
4945
9341
117
3726
5251
810
8239
2373
1799
5530
5793
5388
7671
6723
6455
8927
7359
5192
2352
2491
8266
1964
715
5646
3868
8238
9725
4541
1812
739
8883
3525
9989
852
7555
7006
590
990
4616
2376
455
985
1208
6230
2829
554
7859
6186
3822
9206
8860
8343
907
3667
7161
1578
7208
9149
3330
8463
5325
3393
8735
4285
6077
3220
8204
3999
5272
3289
3052
290
7112
2131
1444
6266
1526
8142
8231
961
7733
456
2121
4311
1009
6968
1597
4928
7266
4454
596
9801
1076
847
7692
8581
7280
8309
2034
5332
7909
5824
2873
1694
6735
4789
8532
2178
6978
6748
19
5846
911
2188
2502
8721
678
1029
4774
8458
8531
5576
4551
6216
8184
2476
9794
7114
9028
5096
306
104
9741
6515
3258
8970
4359
4798
5508
2307
8290
9704
5201
1043
5157
308
636
3284
3095
3783
8553
6661
5122
2317
8899
6512
5810
4137
3951
40
411
1743
4053
5321
1041
5773
9164
2225
3465
8154
9714
845
4757
9960
6289
9183
1961
5825
2009
2569
5145
9107
143
1914
857
6655
5960
8284
8578
7332
1752
8036
8198
7453
336
5875
4146
4710
4741
9877
8611
9523
9593
4570
7526
2784
1147
539
4844
9101
1755
3447
7400
7042
9993
1601
7192
4346
7396
458
7456
226
5754
5792
147
2083
7213
8922
3558
8938
1587
1218
1618
977
5170
6795
6577
6880
6657
2123
5847
6181
6962
9690
6761
3899
7430
724
5954
4841
8297
5831
7850
7279
3894
3421
2969
4093
8256
9294
1692
6760
5674
8864
982
2264
2676
9379
3984
1753
4597
9682
3452
3136
5262
7013
8579
8070
4356
8183
8979
5551
9548
7784
8808
6118
8681
7381
2645
2342
7053
64
2682
8665
6333
9010
8644
5798
2652
8047
4620
4320
1079
618
34
7097
2843
1102
7264
8315
9471
8438
413
7717
3378
2921
2808
6933
945
5949
8501
3959
8461
7654
1135
7594
3246
1546
2756
9625
2740
2166
2056
2221
1215
8361
9700
6673
1023
9390
3557
8270
1750
4648
801
9785
2880
8282
5152
4709
8213
9915
509
757
9796
8673
9422
4644
6502
2528
4513
4050
5182
2971
4224
1440
5176
8538
8017
6048
1461
7397
3458
5384
5010
4052
7478
2727
2994
8506
8214
5060
3752
7825
9110
8005
1449
9039
766
3444
4202
6482
2232
7866
3144
6210
1137
922
2301
6689
7749
6419
7640
7675
8349
7852
4812
7077
9888
8639
3897
280
5890
5173
6489
682
9732
7515
4904
2593
7655
1821
8020
1294
1241
3494
9361
8958
3583
1074
349
8858
5914
2962
253
7176
6103
3871
6740
5084
1225
394
6766
1127
4193
2643
348
7054
2888
1269
9954
4994
49
1058
1640
236
4067
9689
5446
5333
5320
272
5682
6392
2362
1636
2061
5815
7688
8889
1698
2005
9889
8881
8711
3015
917
7943
1798
600
1992
1188
8193
970
8892
2086
6158
9175
1787
9844
4716
7106
2251
9577
4154
4852
8980
401
4056
6688
5382
4838
7226
923
1590
8834
7155
7518
7941
9562
2548
5575
8729
9080
211
1951
8635
8678
7569
7319
4380
4600
7627
2708
7572
1320
9477
1195
3134
1031
1609
9851
1745
8709
3705
9983
3449
4481
1781
2967
1993
7211
402
2222
5785
7108
2339
5165
9977
6804
5884
6789
1206
1476
7560
6334
9826
7476
8146
2237
749
8824
9272
7174
2266
2838
4685
3765
7795
4794
161
4027
9384
9300
3982
902
6124
8523
9615
181
2929
1078
3852
9958
2752
5162
4782
4460
751
5066
627
6868
6028
9948
9514
3463
9257
2802
492
2478
8782
4042
527
3764
6021
8542
1577
6067
9309
9510
6882
102
793
9168
6365
1390
9349
8583
9394
5456
418
9648
333
6698
9872
7230
4754
4717
1175
9659
4280
5605
4438
4274
1762
6605
7994
6930
1075
222
9692
8835
5951
5187
3437
4420
1039
6147
6440
6315
2032
8723
4746
5386
617
9849
250
9228
9128
5079
2996
3817
3898
9604
7107
7567
7113
1499
7198
5274
683
8671
491
8410
5424
8420
1815
9196
2252
4664
2398
6232
3776
7798
3713
9920
2954
3031
981
4503
5188
6684
652
1388
2852
5395
2392
9105
560
1424
2920
6895
722
4123
497
5168
9135
6121
1513
